1	nan	nan	nan	nan
1	nan	nan	nan	nan
2	nan	nan	nan	nan
3	nan	nan	nan	nan
4	nan	nan	nan	nan
5	nan	nan	nan	nan
6	nan	nan	nan	nan
7	nan	nan	nan	nan
8	nan	nan	nan	nan
9	nan	nan	nan	nan
10	nan	nan	nan	nan
1	nan	nan	nan	nan
1	0.238	13.148	0.096189041597697	-1.5622600000000006
1	0.22999999999999998	13.094	0.09493278997352175	-1.54308
2	0.264	12.782	0.10767521494162505	-1.5045600000000001
3	0.256	12.913999999999998	0.10631797117891946	-1.5723
4	0.20800000000000002	13.267999999999997	0.08832293125644433	-1.7180799999999998
5	0.22000000000000003	13.172	0.09079407361053948	-1.68598
6	0.21600000000000003	13.398000000000001	0.07882659683010523	-1.7449599999999996
7	0.21999999999999997	13.368	0.08711158651238414	-1.7422800000000003
8	0.22399999999999998	13.303999999999998	0.08800091713667275	-1.6989599999999996
9	0.21600000000000003	13.326000000000002	0.08661958127728882	-1.69726
10	0.19400000000000003	13.512	0.07360176783633923	-1.7619800000000005
11	0.242	13.198000000000002	0.09262456314711112	-1.67912
12	0.18	13.574000000000002	0.06915087700952063	-2.0523999999999996
13	0.182	13.55	0.06940936943091607	-2.0962400000000003
14	0.17	13.746	0.06594031629829325	-2.1611599999999997
15	0.148	13.916	0.06173108392954842	-2.256779999999999
16	0.14200000000000002	13.974	0.054937669287244494	-2.2836399999999992
17	0.166	13.798000000000002	0.062069839474400444	-2.1669600000000004
18	0.19	13.578	0.0757899441190031	-2.0158599999999995
19	0.178	13.559999999999999	0.07144687126551878	-2.03522
20	0.16399999999999998	13.85	0.06304156209392046	-2.1374999999999997
21	0.166	13.848000000000003	0.0652964396069275	-2.150139999999999
22	0.15	13.809999999999999	0.06011972451192563	-2.1245
23	0.16	13.794	0.06074424171662911	-2.12966
24	0.19	13.648	0.0695977766958327	-2.0986
25	0.16	13.818000000000001	0.06482285318772328	-2.1539
26	0.174	13.696000000000002	0.07059718104691699	-2.1125
27	0.184	13.64	0.07330544609157728	-2.07268
28	0.16199999999999998	13.785999999999998	0.06274874354436474	-2.14572
29	0.164	13.666	0.07065614640638988	-2.1518000000000006
30	0.18000000000000002	13.666	0.06714254599307175	-2.0656800000000004
31	0.162	13.75	0.06430237543816679	-2.278819999999999
32	0.12	14.092000000000002	0.05150468904975876	-2.401719999999999
33	0.128	13.941999999999998	0.0594253308913507	-2.453599999999999
34	0.098	14.145999999999997	0.04615165662499292	-2.7817599999999985
35	0.10400000000000001	14.144	0.04659344807513958	-2.7771399999999984
36	0.10400000000000001	14.078	0.04925511826597755	-2.7659999999999982
37	0.10200000000000001	14.1	0.04733334188974658	-2.7733999999999983
38	0.10200000000000001	14.086000000000002	0.048760744110304746	-2.772219999999998
39	0.10200000000000001	14.086000000000002	0.048760744110304746	-2.7720199999999986
40	0.10400000000000001	14.072	0.04937308771843395	-2.7664199999999983
41	0.10400000000000001	14.072	0.04937465384400917	-2.7666199999999983
42	0.10800000000000001	14.09	0.04981072110290555	-2.7622999999999984
43	0.10800000000000001	14.086000000000002	0.050096510948740645	-2.7624799999999987
44	0.10800000000000001	14.088	0.05007258061004847	-2.7622599999999986
45	0.10800000000000001	14.088	0.05007258061004847	-2.7624599999999986
46	0.10800000000000001	14.088	0.05007258061004847	-2.7628599999999985
47	0.10800000000000001	14.084	0.05009780679648025	-2.762059999999998
48	0.10800000000000001	14.088	0.05007258061004847	-2.7630599999999985
49	0.10800000000000001	14.086000000000002	0.050096510948740645	-2.763099999999999
50	0.10800000000000001	14.09	0.04981072110290555	-2.7634999999999983
51	0.10400000000000001	14.13	0.04703209596077029	-2.7758999999999983
52	0.10800000000000001	14.084	0.05026880839874189	-2.762479999999998
53	0.10800000000000001	14.09	0.04997987028601604	-2.762939999999998
54	0.10800000000000001	14.09	0.04980666722500961	-2.7612999999999985
55	0.10400000000000001	14.074000000000002	0.04930391682056118	-2.764979999999998
56	0.10400000000000001	14.074000000000002	0.04930391682056118	-2.7637999999999985
57	0.10200000000000001	14.1	0.046060664837698204	-2.58274
58	0.11000000000000001	14.1	0.046959781050493185	-2.581
59	0.11199999999999999	14.034	0.05179037315281489	-2.58014
60	0.11200000000000002	14.15	0.047418466271803586	-2.6180199999999996
61	0.122	14.030000000000001	0.05186683902169702	-2.6021799999999997
62	0.122	14.028	0.049827205879134195	-2.5989399999999994
63	0.11200000000000002	14.185999999999998	0.04582724088273892	-2.631899999999999
64	0.09	14.169999999999998	0.040923650702073135	-2.67712
65	0.10600000000000001	14.224	0.0428086243048826	-2.667719999999999
66	0.10600000000000001	14.14	0.04419277964154973	-2.6577799999999994
67	0.11000000000000001	14.059999999999999	0.0492773373226809	-2.649479999999999
68	0.1	14.124	0.04667853553907185	-2.6778399999999993
69	0.10200000000000001	14.228	0.040638388724479495	-2.6960199999999994
70	0.10400000000000001	14.238	0.04136193633226977	-2.6950799999999995
71	0.11400000000000002	14.032	0.05125133090867229	-2.661039999999999
72	0.088	14.192000000000002	0.040640043807077086	-2.731439999999999
73	0.088	14.238	0.03994459347805702	-2.7291
74	0.098	14.104	0.04710436928004106	-2.700039999999999
75	0.092	14.206	0.041561703813350205	-2.7158399999999987
76	0.098	14.219999999999999	0.040539305996428326	-2.706219999999999
77	0.10600000000000001	14.148	0.046578739842705094	-2.6895799999999994
78	0.1	14.187999999999999	0.04710836630914839	-2.7114199999999986
79	0.11600000000000002	13.979999999999999	0.05312682902839868	-2.645479999999999
80	0.10800000000000001	14.046000000000001	0.04843519603760533	-2.6808199999999993
81	0.092	14.213999999999999	0.04038282351402418	-2.7331599999999985
82	0.098	14.224	0.041159657592738375	-2.727719999999999
83	0.092	14.193999999999999	0.040427985042095126	-2.7277399999999985
84	0.10400000000000001	14.195999999999998	0.04289769672169735	-2.719599999999999
85	0.10600000000000001	14.086000000000002	0.04642477460213969	-2.6981999999999986
86	0.094	14.180000000000001	0.04179433328489317	-2.7200199999999986
87	0.098	14.178	0.042085492107259447	-2.722499999999999
88	0.09	14.216	0.04001081906036524	-2.747959999999999
89	0.092	14.218	0.04040775728126354	-2.742299999999999
90	0.092	14.23	0.039371677700429576	-2.738999999999999
91	0.09	14.232	0.03886654573719356	-2.744599999999999
92	0.09	14.229999999999999	0.038940809498636215	-2.748859999999999
93	0.09	14.2	0.04024684829095343	-2.7486599999999988
94	0.09	14.368	0.03581837295481069	-2.7798599999999984
95	0.094	14.213999999999999	0.04155402359044754	-2.735599999999999
96	0.094	14.216	0.04153823761868656	-2.736379999999999
97	0.09	14.189999999999998	0.040777348051192465	-2.744539999999999
98	0.096	14.101999999999999	0.046235437635997065	-2.722739999999999
99	0.1	14.378	0.0361066998065564	-2.767479999999999
100	0.10400000000000001	14.136	0.04443536518674903	-2.7142799999999987
0	0.0	15.0	0.0	0.0	-2.1
1	nan	nan	nan	nan	nan
2	nan	nan	nan	nan	nan
1	nan	nan	nan	nan	nan
2	nan	nan	nan	nan	nan
3	nan	nan	nan	nan	nan
1	0.012	14.904	0.004253755155338963	0.011541692130401963	-2.1276800000000002
2	0.01	14.922	0.0037216065668520663	0.009747853670453532	-2.1552
1	0.012	14.904	0.004253755155338963	0.011669181700329325	-2.1276800000000002
2	0.01	14.922	0.0037216065668520663	0.009820305005271108	-2.1552
1	0.012	14.904	0.004253755155338963	0.011669181700329325	-2.1276800000000002
2	0.01	14.922	0.0037216065668520663	0.009820305005271108	-2.1552
1	0.012	14.904	0.004253755155338963	0.0117438922096253	-2.1276800000000002
2	0.01	14.922	0.0037216065668520663	0.0098537307352431	-2.1552
3	0.01	14.924000000000001	0.003605747629772678	0.009718223678295543	-2.1957400000000002
4	0.008	14.957999999999998	0.0023098745950206946	0.007923183373444082	-2.2362599999999997
5	0.008	14.966	0.0022150194105668972	0.007927766045027656	-2.30916
6	0.008	14.940000000000001	0.002544753529959537	0.007872462843114825	-2.32148
7	0.008	14.937999999999999	0.002569814485076639	0.007863535316672287	-2.3797400000000004
8	0.008	14.935999999999998	0.00262473050640558	0.007853263302082546	-2.42132
9	0.008	14.946000000000002	0.002483775979889841	0.007876582881389968	-2.4091200000000006
10	0.008	14.947999999999999	0.0024758101077332257	0.007918382395846054	-2.3994
11	0.008	14.943999999999999	0.0025629906106589577	0.007906715737035452	-2.40396
12	0.012	14.922000000000002	0.0037570049000702245	0.011835328813272677	-2.3869599999999997
13	0.008	14.943999999999999	0.002569008809501688	0.007934542235129948	-2.40106
14	0.008	14.935999999999998	0.002659462254218506	0.007934542235129948	-2.41882
15	0.008	14.943999999999999	0.0025629906106589577	0.007912757772122123	-2.4194000000000004
16	0.008	14.943999999999999	0.002562173169734459	0.007913694341859918	-2.43458
17	0.008	14.939999999999998	0.002631222049396623	0.007901026999241056	-2.44896
18	0.008	14.939999999999998	0.002636823516653356	0.007921754891157737	-2.4505
19	0.01	14.940000000000001	0.003018202224823612	0.009866335114965041	-2.4655
20	0.008	14.934000000000001	0.002698407199126678	0.007921255076101317	-2.4560400000000002
21	0.01	14.943999999999999	0.0029720853808394357	0.009876542343201495	-2.46644
22	0.01	14.943999999999999	0.0029717236560696876	0.009874459226776587	-2.45854
23	0.01	14.943999999999999	0.002971431439781381	0.009873002413982463	-2.47066
24	0.01	14.943999999999999	0.002971431439781381	0.009877346663850027	-2.48566
25	0.01	14.942000000000002	0.0029921310304231383	0.009865357033221374	-2.499
26	0.01	14.943999999999999	0.002973868275117786	0.009867307507457686	-2.50304
27	0.01	14.947999999999999	0.0029338921910969555	0.009870612304716402	-2.50066
28	0.01	14.946000000000002	0.002951848275596689	0.009869184747042284	-2.50264
29	0.01	14.946000000000002	0.002951848275596689	0.009869184747042284	-2.50506
30	0.01	14.946000000000002	0.002952311328433282	0.009868120170581312	-2.51944
31	0.01	14.948000000000002	0.0029316117377915247	0.009879497280642156	-2.53542
32	0.01	14.952000000000002	0.0028968584600467867	0.009877821587193306	-2.5432200000000003
33	0.01	14.952000000000002	0.0028972201848165347	0.009881269511381316	-2.5519
34	0.006	14.962	0.001899515325712245	0.005962273654241225	-2.5428399999999995
35	0.006	14.962	0.001899515325712245	0.005962273654241225	-2.54204
36	0.008	14.95	0.002447264952508635	0.007870693534021195	-2.53908
37	0.008	14.95	0.002447264952508635	0.007870693534021195	-2.5400800000000006
38	0.008	14.95	0.002447264952508635	0.007870693534021195	-2.5415
39	0.008	14.95	0.002447264952508635	0.007870693534021195	-2.5446999999999997
40	0.01	14.948000000000002	0.002951509535025084	0.009867998336428176	-2.5451
41	0.008	14.95	0.002447264952508635	0.007870693534021195	-2.53948
42	0.008	14.95	0.0024469032277388875	0.00786799077579071	-2.5337000000000005
43	0.008	14.952000000000002	0.0024320877137283827	0.00786970529372769	-2.5340800000000003
44	0.008	14.959999999999999	0.0023468081702536776	0.007890853845769551	-2.5400800000000006
45	0.006	14.962	0.001842100534900637	0.005886616321495913	-2.5428800000000003
46	0.006	14.962	0.001842100534900637	0.005886616321495913	-2.5406800000000005
47	0.006	14.962	0.0018418922262984066	0.005886240769553298	-2.54108
48	0.006	14.962	0.0018418922262984066	0.005886240769553298	-2.5475200000000005
49	0.006	14.962	0.0018418922262984066	0.005886240769553298	-2.5513200000000005
50	0.006	14.962	0.0018418922262984066	0.005886240769553298	-2.55112
51	0.006	14.962	0.0018418922262984066	0.005886240769553298	-2.5485200000000003
52	0.008	14.956	0.0023878128650618204	0.00789472586338352	-2.54732
53	0.006	14.957999999999998	0.001880534330260228	0.00588699407922184	-2.5555600000000003
54	0.008	14.956	0.0023847789127766764	0.007894550527383264	-2.55636
55	0.008	14.956	0.002384506346800105	0.007888432316611401	-2.5575
56	0.008	14.956	0.002384506346800105	0.007888432316611401	-2.5617000000000005
57	0.008	14.957999999999998	0.00236648581152731	0.007891549653491139	-2.55872
58	0.008	14.956	0.002391843963830466	0.007853766641326221	-2.5527200000000003
59	0.008	14.956	0.002391843963830466	0.007853766641326221	-2.5543199999999997
60	0.008	14.959999999999999	0.002346072551440514	0.007883440111603534	-2.55972
61	0.008	14.959999999999999	0.002346072551440514	0.007883440111603534	-2.56094
62	0.008	14.959999999999999	0.002346072551440514	0.007883440111603534	-2.5641399999999996
63	0.008	14.959999999999999	0.002346072551440514	0.007883440111603534	-2.56614
64	0.008	14.959999999999999	0.002346072551440514	0.007883440111603534	-2.5665199999999997
65	0.006	14.969999999999999	0.0017814387396937492	0.005909669665020991	-2.5695399999999995
66	0.008	14.966	0.0022975766622121605	0.007895463739854034	-2.5693399999999995
67	0.008	14.966	0.0022975766622121605	0.007895463739854034	-2.5651400000000004
68	0.008	14.968	0.0022856833222101975	0.007892957393867759	-2.5607399999999996
69	0.008	14.963999999999999	0.0023099817021101665	0.007895160286228057	-2.5633399999999997
70	0.008	14.963999999999999	0.0023099817021101665	0.007895160286228057	-2.5639399999999997
71	0.008	14.966	0.0022975766622121605	0.007895463739854034	-2.5669399999999998
72	0.008	14.963999999999999	0.002310526957282584	0.007897194510625033	-2.56576
73	0.008	14.966	0.0022983944833611493	0.007897323126994746	-2.5629599999999995
74	0.008	14.966	0.0022983944833611493	0.007897323126994746	-2.5645599999999997
75	0.008	14.966	0.0022983944833611493	0.007897323126994746	-2.565959999999999
76	0.008	14.966	0.0022983944833611493	0.007897323126994746	-2.5659599999999996
77	0.008	14.966	0.0022983944833611493	0.007897323126994746	-2.5683399999999996
78	0.006	14.968	0.001794149900844701	0.0059006741741433905	-2.576339999999999
79	0.008	14.966	0.0022983944833611493	0.007896577961037222	-2.572539999999999
80	0.004	14.966	0.0013844562702000252	0.003958005725863412	-2.5842599999999996
81	0.004	14.966	0.0013844562702000252	0.003958005725863412	-2.58486
82	0.004	14.966	0.0013844562702000252	0.003958005725863412	-2.58566
83	0.004	14.966	0.0013844562702000252	0.003958005725863412	-2.58746
84	0.004	14.966	0.0013844562702000252	0.003958005725863412	-2.58966
85	0.004	14.966	0.0013844562702000252	0.003958005725863412	-2.59166
86	0.004	14.966	0.0013844562702000252	0.003958005725863412	-2.59146
87	0.004	14.966	0.0013844562702000252	0.003958005725863412	-2.58964
88	0.004	14.966	0.0013844562702000252	0.003958005725863412	-2.5858800000000004
89	0.004	14.966	0.0013844562702000252	0.003958005725863412	-2.58708
90	0.004	14.966	0.0013844562702000252	0.003958005725863412	-2.5884600000000004
91	0.004	14.966	0.0013844562702000252	0.003958005725863412	-2.5892600000000003
92	0.004	14.966	0.0013844562702000252	0.003958005725863412	-2.5880400000000003
93	0.004	14.966	0.0013844562702000252	0.003958005725863412	-2.58686
94	0.004	14.966	0.0013844562702000252	0.003958005725863412	-2.5898600000000003
95	0.004	14.966	0.0013844562702000252	0.003958005725863412	-2.59186
96	0.004	14.966	0.0013844562702000252	0.003958005725863412	-2.59186
97	0.004	14.966	0.0013844562702000252	0.003958005725863412	-2.5916600000000005
98	0.004	14.966	0.0013844562702000252	0.003959754316820055	-2.59182
99	0.004	14.966	0.0013844562702000252	0.003959754316820055	-2.59302
100	0.004	14.966	0.0013844562702000252	0.003959754316820055	-2.5922
1	0.013999999999999999	14.9	0.00464842024502717	0.013812987923328723	-2.13198
2	0.008	14.943999999999999	0.0024539176813300986	0.007893456694535585	-2.18606
3	0.008	14.945999999999998	0.002422090398194017	0.007899618932704926	-2.21844
4	0.01	14.937999999999999	0.0030508071685689257	0.00985588534128171	-2.21308
5	0.01	14.95	0.002905378197994356	0.009878929269889512	-2.2098199999999997
6	0.01	14.95	0.0029031604404424157	0.009878391995052811	-2.20008
7	0.008	14.959999999999999	0.0022794336518354064	0.00792376838870128	-2.21342
8	0.008	14.959999999999999	0.002279016920249409	0.007923656362569512	-2.2223800000000002
9	0.008	14.956	0.002324859948250342	0.007912302463732262	-2.22802
10	0.008	14.957999999999998	0.002299442694907922	0.007916245647686932	-2.2282
11	0.008	14.957999999999998	0.002299442694907922	0.007933578523463967	-2.2420400000000007
12	0.008	14.957999999999998	0.002299442694907922	0.00793316723812608	-2.2479200000000006
13	0.008	14.957999999999998	0.00230037045194922	0.00792688448637795	-2.248640000000001
14	0.008	14.925999999999998	0.0030801833405122363	0.007743892271841487	-2.24694
15	0.008	14.924000000000001	0.0031859971886589256	0.007721807665992978	-2.2489600000000003
16	0.013999999999999999	14.87	0.006436566441171963	0.01360625605538327	-2.2199400000000002
17	0.008	14.924000000000001	0.0031859971886589256	0.0077220357937866245	-2.2361
18	0.016	14.841999999999999	0.006904706488865412	0.015448894860710494	-2.2042800000000002
19	0.008	14.956	0.0023271945092675976	0.007922455027838901	-2.24048
20	0.008	14.956	0.0023271945092675976	0.007922455027838901	-2.2431200000000002
21	0.008	14.963999999999999	0.0022422239667550777	0.007928804071322154	-2.2542
22	0.008	14.963999999999999	0.0022422239667550777	0.007928804071322154	-2.26044
23	0.008	14.963999999999999	0.0022419817467225203	0.007928382374636254	-2.2668399999999997
24	0.006	14.966	0.001734463556472461	0.0059364632223052926	-2.27682
25	0.006	14.966	0.001734463556472461	0.0059364632223052926	-2.2800199999999995
26	0.006	14.966	0.0017415928649005918	0.0059353169683351616	-2.28636
27	0.006	14.966	0.0017415928649005918	0.0059353169683351616	-2.29058
28	0.006	14.966	0.0017419382964948167	0.005935869126809725	-2.2947800000000003
29	0.006	14.966	0.0017419382964948167	0.005933117621044976	-2.2975000000000003
30	0.006	14.962	0.0017814765615472496	0.00592783613717331	-2.3067599999999997
31	0.01	14.935999999999998	0.0032807913347284597	0.00991340095533327	-2.30246
32	0.01	14.935999999999998	0.0032807913347284597	0.009913467786336764	-2.3112000000000004
33	0.008	14.963999999999999	0.0022341837489618936	0.00793837987181693	-2.3219000000000003
34	0.016	14.883999999999997	0.005684732951820507	0.01568248535217779	-2.29488
35	0.016	14.883999999999997	0.005684732951820507	0.015679407971197115	-2.28648
36	0.016	14.884	0.0056953296741655895	0.015674049132243743	-2.2697000000000003
37	0.016	14.879999999999999	0.005726430411166496	0.015634278125247446	-2.2601
38	0.016	14.879999999999999	0.005724150978826847	0.015635735442498556	-2.25836
39	0.016	14.877999999999997	0.0057660400281989484	0.015613458913485173	-2.25972
40	0.016	14.877999999999997	0.005712590156269045	0.015537165942240755	-2.25572
41	0.016	14.877999999999997	0.005714869588608692	0.015545602427404766	-2.2553600000000005
42	0.016	14.877999999999997	0.0057146273685761365	0.015545009262609577	-2.2507600000000005
43	0.016	14.877999999999997	0.0057132254017089185	0.015541610621537204	-2.2487000000000004
44	0.016	14.877999999999997	0.005678940200968353	0.015487468803816943	-2.24352
45	0.016	14.877999999999997	0.005678940200968353	0.015487468803816943	-2.2319400000000003
46	0.016	14.877999999999997	0.00567918242100091	0.015489978638499002	-2.2235400000000003
47	0.016	14.877999999999997	0.005684541668225086	0.01548895305360728	-2.21676
48	0.016	14.877999999999997	0.005684541668225086	0.015491041191603439	-2.205600000000001
49	0.016	14.876	0.005900927062127363	0.01544034342886908	-2.1966
50	0.016	14.877999999999997	0.005700673866629299	0.015509814164018181	-2.1906000000000003
51	0.016	14.876	0.0057519582922407695	0.01549370084473646	-2.1814400000000007
52	0.016	14.873999999999999	0.005709819875879759	0.015556528880156028	-2.1824400000000006
53	0.016	14.878	0.005535859228893453	0.015541725227810893	-2.17384
54	0.016	14.878	0.005535859228893453	0.015539143767894309	-2.16684
55	0.016	14.878	0.005507434384635931	0.015489417816339427	-2.16604
56	0.016	14.876	0.005525504329803618	0.015486535441267402	-2.1662399999999997
57	0.016	14.878	0.005508258276263359	0.015486267601108444	-2.16324
58	0.008	14.957999999999998	0.0022946965503735242	0.007897003659203952	-2.1904399999999997
59	0.018000000000000002	14.886000000000001	0.005705416714923254	0.017561187219228534	-2.15186
60	0.008	14.957999999999998	0.002295113281959522	0.007896046303268985	-2.1846000000000005
61	0.016	14.878	0.005508795354147543	0.01548063096199411	-2.1366600000000004
62	0.016	14.878	0.005506931486850034	0.015479993026434139	-2.1362600000000005
63	0.016	14.878	0.005508918638983427	0.01548108775535369	-2.1334600000000004
64	0.016	14.878	0.005507748927774532	0.01548037600372692	-2.13026
65	0.008	14.957999999999998	0.0022956291400517094	0.007899212907101143	-2.1562400000000004
66	0.006	14.962	0.0017820637196312105	0.005895140595653043	-2.15422
67	0.008	14.956	0.002313673387823313	0.007890759476382184	-2.14684
68	0.016	14.876	0.0055288260932936165	0.015467152830757575	-2.11602
69	0.016	14.876	0.005527656382084722	0.015467769390799625	-2.11822
70	0.016	14.878	0.005507516672116209	0.015477099324139248	-2.1170400000000003
71	0.006	14.963999999999999	0.0017607542984538027	0.005898692938215997	-2.1441800000000004
72	0.008	14.957999999999998	0.0022936419879183165	0.007898820908625648	-2.1362200000000007
73	0.008	14.956	0.002315660539956707	0.00788500457539355	-2.13802
74	0.016	14.878	0.005505529519982816	0.015471176157502648	-2.1136400000000006
75	0.008	14.957999999999998	0.0022956291400517094	0.007896729816592736	-2.1356200000000007
76	0.013999999999999999	14.920000000000002	0.004235618299742323	0.013741257409871189	-2.1185000000000005
77	0.013999999999999999	14.918000000000001	0.004253027882189943	0.01373605140395694	-2.1162800000000006
78	0.013999999999999999	14.916000000000002	0.004303482672771041	0.013717730500654644	-2.12028
79	0.013999999999999999	14.9	0.004801478360612074	0.013566199575040188	-2.12944
80	0.013999999999999999	14.9	0.004800426222180885	0.013568012653574744	-2.1272600000000006
81	0.012	14.905999999999997	0.00426859067114756	0.011577755316431966	-2.137
82	0.012	14.905999999999997	0.00426859067114756	0.011573890307075622	-2.1396
83	0.013999999999999999	14.9	0.004803465512745467	0.013565688818784769	-2.1390000000000002
84	0.012	14.905999999999997	0.00426859067114756	0.011573890307075622	-2.149
85	0.008	14.946000000000002	0.0026257160317544373	0.007782833310902399	-2.1533400000000005
86	0.006	14.963999999999999	0.001759821708775617	0.005903005238936705	-2.1642200000000003
87	0.006	14.963999999999999	0.001759821708775617	0.005904749983197949	-2.167420000000001
88	0.012	14.905999999999997	0.00426859067114756	0.011577755316431966	-2.1580000000000004
89	0.006	14.966	0.0017341181248782364	0.005900722047142256	-2.1722200000000003
90	0.012	14.905999999999997	0.00426859067114756	0.011573954582135835	-2.1584000000000003
91	0.006	14.963999999999999	0.0017602384403616154	0.005901996616007507	-2.1724000000000006
92	0.008	14.962	0.0022691530138597145	0.00787646221720924	-2.1703800000000006
93	0.006	14.966	0.0017341181248782364	0.005901310192074446	-2.1742000000000004
94	0.008	14.943999999999999	0.002826280309619979	0.007724311680081817	-2.16172
95	0.006	14.963999999999999	0.001759821708775617	0.005900925744016396	-2.1714000000000007
96	0.006	14.966	0.001735724864312537	0.005904302575200031	-2.174000000000001
97	0.006	14.963999999999999	0.0017602384403616154	0.005900630703839233	-2.168580000000001
98	0.008	14.945999999999998	0.002809929302615076	0.0077225306507344394	-2.1571000000000007
99	0.006	14.963999999999999	0.0017655659254943855	0.0058945223274299375	-2.1706200000000004
100	0.008	14.962	0.0022701756827408852	0.007871553379307178	-2.16562
1	0.01	14.930000000000001	0.003232914558511296	0.009874104719065826	6.7857142857142865
1	0.01	14.930000000000001	0.003232914558511296	0.009874104719065826	6.7857142857142865
2	0.01	14.924000000000001	0.003722001040863313	0.0098711573708091	8.127272727272727
3	0.008	14.959999999999999	0.0022877209169120264	0.007911054826783677	7.546320346320345
4	0.008	14.959999999999999	0.0022877209169120264	0.007912317524815592	6.088383838383838
5	0.008	14.956	0.002305526738838241	0.00790811435938002	6.088383838383838
6	0.008	14.959999999999999	0.0022780891632081103	0.007908569550982047	6.124098124098124
7	0.008	14.959999999999999	0.002278671488655184	0.00790568218484601	6.441558441558442
8	0.008	14.959999999999999	0.002278671488655184	0.007908561454059665	6.5054945054945055
9	0.008	14.957999999999998	0.0023127927386602212	0.007897112572046897	7.019780219780221
10	0.016	14.868	0.006303972666319135	0.015701523402112914	8.582051282051284
11	0.008	14.951999999999998	0.0023563612455230797	0.007885401179338194	7.336796536796537
12	0.008	14.951999999999998	0.0023560158139288552	0.007884849020863631	7.336796536796537
13	0.008	14.959999999999999	0.0023071491543477183	0.007926923975770304	7.305050505050505
14	0.008	14.956	0.0023257877052916395	0.007894806754422673	7.336796536796537
15	0.016	14.874	0.006101500165574441	0.015574545346418339	7.495526695526695
16	0.01	14.919999999999998	0.0036680104140260393	0.009704311605338616	7.584415584415583
17	0.01	14.916	0.0036973770620797055	0.009694567701299228	7.584415584415583
18	0.01	14.916	0.0036973770620797055	0.009694567701299228	7.584415584415583
19	0.01	14.916	0.0037940216149105984	0.009849006124429557	7.584415584415583
20	0.01	14.916	0.0037940216149105984	0.009847931979672136	7.584415584415583
21	0.01	14.916	0.0037940216149105984	0.009847931979672136	7.584415584415583
22	0.01	14.916	0.0037940216149105984	0.009847931979672136	7.584415584415583
23	0.014000000000000002	14.908000000000001	0.004601661160502261	0.01376491853813222	7.518253968253968
24	0.014000000000000002	14.908000000000001	0.0046009449082883135	0.013764968561727186	7.384920634920635
25	0.014000000000000002	14.908000000000001	0.0046009449082883135	0.013765446165174989	7.384920634920635
26	0.01	14.916	0.0037940216149105984	0.009847931979672136	7.4510822510822505
27	0.01	14.916	0.0036973770620797055	0.009694753987536206	7.4510822510822505
28	0.01	14.916	0.0036973770620797055	0.009700014021071166	7.4510822510822505
29	0.01	14.916	0.0036961865106592217	0.009699771407527721	7.4510822510822505
30	0.01	14.916	0.0036961865106592217	0.009699771407527721	7.4510822510822505
31	0.01	14.916	0.0036961865106592217	0.009699771407527721	7.4510822510822505
32	0.01	14.916	0.0036961865106592217	0.009699771407527721	7.4510822510822505
33	0.01	14.916	0.0036961865106592217	0.009699771407527721	7.4510822510822505
34	0.01	14.916	0.0036961865106592217	0.009699771407527721	7.4510822510822505
35	0.01	14.916	0.0037928310634901146	0.009852949399663651	7.4510822510822505
36	0.01	14.916	0.0037928310634901146	0.009852949399663651	7.4510822510822505
37	0.01	14.916	0.0037928310634901146	0.009854209830658054	7.4510822510822505
38	0.01	14.916	0.0037928310634901146	0.009854209830658054	7.355844155844156
1	0.012	14.914000000000001	0.00396723775849252	0.06460373849088223	6.777777777777777
2	0.012	14.919999999999998	0.004175942111022128	0.06206911363020432	7.014718614718615
3	0.014000000000000002	14.902000000000001	0.004616581441021934	0.06595905283708954	7.033333333333334
4	0.018	14.88	0.005860119935783158	0.07212620421946166	5.851981351981353
5	0.01	14.95	0.002985474782303644	0.04104777911153542	7.368686868686869
6	0.016	14.862	0.006021514977944351	0.0612795059523602	7.4541569541569555
7	0.013999999999999999	14.874	0.005387342046158255	0.05281591636560631	7.967643467643468
8	0.016	14.862	0.005836157485096834	0.06507493250828537	8.905677655677657
9	0.016	14.862	0.005836157485096834	0.0651627416648648	8.882950382950384
10	0.016	14.862	0.005837260696624227	0.06322133324337027	9.155677655677657
11	0.018000000000000002	14.845999999999998	0.006414529049498054	0.06643013848314389	7.474358974358975
12	0.018000000000000002	14.845999999999998	0.0064113662560016885	0.06514909270855837	7.474358974358975
13	0.016	14.854	0.005870125828834375	0.056778653955511446	5.474358974358975
14	0.016	14.892	0.005963515552953628	0.06878886822560035	2.2
15	0.013999999999999999	14.9	0.005699177273022212	0.0725175255043369	6.0464646464646465
16	0.006	14.963999999999999	0.0017604093604023994	0.02528298877019209	6.6
17	0.016	14.883999999999997	0.006840534610256741	0.09683169492544953	5.930957930957931
18	0.013999999999999999	14.898	0.006106560385032739	0.09177345350173113	8.648051948051947
19	0.012	14.912	0.005061896656541936	0.0712487742475109	7.3349206349206355
20	0.012	14.912	0.005061896656541936	0.0672428528791387	8.668253968253968
21	0.014000000000000002	14.91	0.0048409327134404405	0.07617768879988829	8.6
22	0.012	14.91	0.005075101189757648	0.06662501970237401	8.6
23	0.012	14.898	0.005173983603040963	0.0639297694178829	7.876190476190476
24	0.013999999999999999	14.902000000000001	0.005631329563055368	0.07398154966274335	9.52179487179487
25	0.013999999999999999	14.904	0.005609976031355555	0.07398154966274335	9.52179487179487
26	0.013999999999999999	14.906	0.005599858844544413	0.07429660431440727	9.52179487179487
27	0.013999999999999999	14.904	0.005615034253445195	0.07422265055485569	9.471794871794872
28	0.013999999999999999	14.904	0.005614373890725128	0.07417596366773459	9.471794871794872
29	0.013999999999999999	14.906	0.00560051920726448	0.07420521025224408	9.471794871794872
30	0.013999999999999999	14.906	0.00560051920726448	0.07431978767523194	9.621794871794872
31	0.012	14.91	0.005080159411847288	0.06647400614915067	8.446969696969697
32	0.012	14.91	0.005079499049127221	0.0663127418390417	8.396969696969697
33	0.012	14.91	0.005079499049127221	0.06638725344995781	8.396969696969697
34	0.012	14.91	0.005069680039619429	0.06345727172302898	9.571794871794872
35	0.012	14.91	0.005069471731017199	0.06358294556064129	8.23846153846154
36	0.012	14.91	0.005069471731017199	0.06358294556064129	8.762271062271063
37	0.012	14.907999999999998	0.005087700574892224	0.06358294556064129	10.095604395604395
38	0.012	14.907999999999998	0.005087700574892224	0.06358294556064129	10.095604395604395
39	0.01	14.912	0.004567340779475032	0.05573716403456001	8.668253968253968
40	0.01	14.912	0.004567340779475032	0.05573716403456001	8.690476190476192
41	0.01	14.912	0.0045680011421951	0.0557838509216811	8.690476190476192
42	0.01	14.912	0.004568243362227657	0.053922339298731206	8.668253968253968
43	0.01	14.912	0.004568243362227657	0.053922339298731206	7.3349206349206355
44	0.01	14.912	0.004568243362227657	0.053922339298731206	7.3349206349206355
45	0.01	14.907999999999998	0.004615014147269889	0.053922339298731206	7.3349206349206355
46	0.01	14.907999999999998	0.004615014147269889	0.053922339298731206	7.3349206349206355
47	0.01	14.907999999999998	0.004615014147269889	0.05404799983392923	7.3349206349206355
48	0.012	14.904	0.005135373942687081	0.0618937813600105	7.801587301587301
49	0.01	14.907999999999998	0.004615014147269889	0.053928659984209	6.6682539682539685
50	0.012	14.904	0.005135373942687081	0.06177444151029028	7.801587301587301
51	0.012	14.918000000000001	0.0049580539413372066	0.06443919728935747	6.6682539682539685
52	0.01	14.91	0.004589596893927469	0.053928659984209	6.6682539682539685
53	0.01	14.91	0.004589596893927469	0.053928659984209	6.757142857142857
54	0.01	14.91	0.004589596893927469	0.053928659984209	6.757142857142857
55	0.01	14.91	0.004589596893927469	0.053928659984209	6.757142857142857
56	0.01	14.91	0.004589251462333244	0.0557901716071589	6.757142857142857
57	0.01	14.91	0.004589251462333244	0.0557901716071589	6.757142857142857
58	0.01	14.91	0.004589251462333244	0.0557901716071589	7.423809523809524
59	0.01	14.91	0.004589251462333244	0.0557901716071589	7.423809523809524
60	0.01	14.91	0.004589251462333244	0.0557901716071589	7.423809523809524
61	0.01	14.913999999999998	0.00454258388885268	0.0557901716071589	7.423809523809524
62	0.01	14.913999999999998	0.00454258388885268	0.0557901716071589	7.423809523809524
63	0.01	14.913999999999998	0.00454258388885268	0.0557901716071589	7.423809523809524
64	0.01	14.918000000000001	0.004461099268208093	0.0557901716071589	7.423809523809524
65	0.01	14.918000000000001	0.004461099268208093	0.0557901716071589	7.423809523809524
66	0.016	14.902000000000001	0.006092976105377587	0.08391414845515396	7.223809523809524
67	0.016	14.902000000000001	0.006097915380034782	0.0841110725093703	7.123809523809524
68	0.014000000000000002	14.894	0.005963398538097995	0.08576386519764631	7.123809523809524
69	0.014000000000000002	14.894	0.005963398538097995	0.08576386519764631	7.123809523809524
70	0.014000000000000002	14.894	0.005963398538097995	0.08576386519764631	7.123809523809524
71	0.014000000000000002	14.894	0.005963398538097995	0.08576386519764631	7.123809523809524
72	0.014000000000000002	14.894	0.005963147232844985	0.08571717831052521	7.223809523809524
73	0.014000000000000002	14.894	0.005963398538097995	0.08576386519764631	7.223809523809524
74	0.014000000000000002	14.894	0.005963398538097995	0.08576386519764631	7.223809523809524
75	0.016	14.902000000000001	0.006097664074781772	0.08393872508705118	6.557142857142857
76	0.014000000000000002	14.892	0.0062200674653307055	0.08444538350912942	6.557142857142857
77	0.014000000000000002	14.892	0.006220318770583716	0.08449207039625051	6.557142857142857
78	0.014000000000000002	14.892	0.0062200674653307055	0.08444538350912942	6.368253968253969
79	0.014000000000000002	14.892	0.006225006739987901	0.08559151777532718	6.368253968253969
80	0.014000000000000002	14.894	0.006206777896112874	0.08549335505053882	6.368253968253969
81	0.014000000000000002	14.894	0.006206777896112874	0.08549335505053882	6.368253968253969
82	0.014000000000000002	14.895999999999997	0.006190955365298133	0.08549335505053882	6.368253968253969
83	0.014000000000000002	14.895999999999997	0.006186016090640937	0.08434722078434105	7.123809523809524
84	0.014000000000000002	14.895999999999997	0.006186016090640937	0.08434722078434105	7.123809523809524
85	0.014000000000000002	14.895999999999997	0.006186016090640937	0.08434722078434105	7.123809523809524
86	0.014000000000000002	14.895999999999997	0.006186016090640937	0.08434722078434105	7.123809523809524
87	0.014000000000000002	14.9	0.006168245864294182	0.08519816385028563	5.2666666666666675
88	0.014000000000000002	14.896	0.006196143930929654	0.08519816385028563	5.2666666666666675
89	0.014000000000000002	14.89	0.006248974513491043	0.08519816385028563	7.034920634920636
90	0.014000000000000002	14.892	0.006234459467310328	0.08519816385028563	6.368253968253969
91	0.014000000000000002	14.89	0.006248974513491043	0.08519816385028563	6.368253968253969
92	0.014000000000000002	14.892	0.006234459467310328	0.08519816385028563	6.368253968253969
93	0.014000000000000002	14.892	0.006234459467310328	0.08519816385028563	6.368253968253969
94	0.014000000000000002	14.892	0.006234459467310328	0.08519816385028563	6.368253968253969
95	0.014000000000000002	14.892	0.006234459467310328	0.08519816385028563	6.368253968253969
96	0.014000000000000002	14.892	0.006234459467310328	0.08495130472475543	5.844444444444444
97	0.014000000000000002	14.89	0.006248974513491043	0.08495130472475543	5.844444444444444
98	0.014000000000000002	14.89	0.006248974513491043	0.08495130472475543	5.844444444444444
99	0.014000000000000002	14.89	0.006248974513491043	0.08495130472475543	5.844444444444444
100	0.014000000000000002	14.89	0.006248974513491043	0.08495130472475543	5.844444444444444
0	0.012805122048819527	14.887955182072828	0.005452760299794616	0.06543653358116994	nan
0	0.0	15.0	0.0	0.0	0.13121212121212122
0	0.0	15.0	0.0	0.0	0.13121212121212122
0	0.0	15.0	0.0	0.0	0.13121212121212122
0	0.0	15.0	0.0	0.0	0.13121212121212122
0	0.0	15.0	0.0	0.0	0.13121212121212122
0	0.0	15.0	0.0	0.0	0.13121212121212122
0	0.0	15.0	0.0	0.0	0.13121212121212122
0	0.012805122048819527	14.887955182072828	0.005452760299794616	0.06543653358116994	nan
0	0.012805122048819527	14.887955182072828	0.005452760299794616	0.06543653358116994	nan	nan	-2.1157222889155665
0	0.012012012012012012	14.890890890890889	0.004697053480843914	0.054165859662264906	0.10882195798862467	0.0027642605065035467	-2.10994994994995
0	0.012012012012012012	14.890890890890889	0.004697053480843914	0.054165859662264906	0.10882195798862467	0.0027642605065035467	-2.10994994994995
0	0.0101010101010101	14.929292929292927	0.003084599271368393	0.04745496142479966	0.020708399344762984	0.0024085243422371895	-2.130808080808081
0	0.012805122048819527	14.887955182072828	0.005452760299794616	0.06543653358116994	nan	nan	-2.1157222889155665
0	0.00505050505050505	14.964646464646464	0.0015422996356841965	0.02372748071239983	0.01633824088369543	0.002113566111305122	-2.147828282828283
0	0.00505050505050505	14.964646464646464	0.0015422996356841965	0.07118244213719949	0.01633824088369543	0.002113566111305122	-2.147828282828283
0	0.0101010101010101	14.929292929292927	0.003084599271368393	0.14236488427439897	0.020708399344762984	0.0024085243422371895	-2.130808080808081
0	0.012048192771084336	14.899598393574296	0.004167986907502002	0.1903973237447823	0.021101716222198152	0.002892552824674652	-2.1184939759036148
0	0.00505050505050505	14.964646464646464	0.0015422996356841965	0.07118244213719949	0.01633824088369543	0.002113566111305122	-2.147828282828283
0	0.01	14.933333333333332	0.0030135918712162423	0.13518163888423268	0.01826978576978577	0.002432807994363253	-2.1285000000000003
0	0.008032128514056224	14.947791164658632	0.0024044266405598464	0.10193225028069436	0.017816153057116913	0.002153195130141582	-2.1428112449799195
0	0.020833333333333332	14.854166666666666	0.0063619859971973105	0.2936275738159479	0.021281149406149405	0.003138165586089534	-2.0977083333333333
0	0.020833333333333332	14.854166666666666	0.0063619859971973105	0.0978758579386493	0.021281149406149405	0.003138165586089534	-2.0977083333333333
0	0.0101010101010101	14.929292929292927	0.003084599271368393	0.04745496142479966	0.020708399344762984	0.0024085243422371895	-2.130808080808081
0	0.01282051282051282	14.910256410256409	0.003915068305967576	0.06023129719301495	0.02115553250168635	0.002667779064414601	-2.1110256410256416
1	0.002	14.972	0.002	0.020224879013563103	0.0	0.0	-2.16538
2	0.002	14.972	0.002	0.020224879013563103	0.0	0.0	-2.2166
3	0.002	14.972	0.002	0.020224879013563103	nan	nan	-2.2290000000000005
4	0.002	14.972	0.002	0.020224879013563103	0.0	0.0	-2.2596
5	0.002	14.972	0.002	0.020224879013563103	0.0	0.0	-2.2746000000000004
6	0.002	14.972	0.002	0.020224879013563103	0.0	0.0	-2.2766
7	0.002	14.972	0.002	0.020224879013563103	0.0	0.0	-2.2850000000000006
8	0.002	14.972	0.002	0.020224879013563103	0.0	0.0	-2.2960000000000003
9	0.002	14.972	0.002	0.020224879013563103	0.0	0.0	-2.3150000000000004
10	0.002	14.972	0.002	0.020224879013563103	0.0	0.0	-2.3342
11	0.002	14.972	0.002	0.020224879013563103	0.0	0.0	-2.3438
12	0.002	14.972	0.002	0.020224879013563103	0.0	0.0	-2.3547999999999996
13	0.002	14.972	0.002	0.020224879013563103	0.0	0.0	-2.3624
14	0.002	14.972	0.002	0.020224879013563103	0.0	0.0	-2.3655999999999997
15	0.002	14.972	0.002	0.020224879013563103	0.0	0.0	-2.3742
16	0.002	14.972	0.002	0.020224879013563103	0.0	0.0	-2.368
17	0.002	14.972	0.002	0.020224879013563103	0.0	0.0	-2.3794000000000004
18	0.002	14.972	0.002	0.020224879013563103	0.0	0.0	-2.3731999999999998
19	0.002	14.972	0.002	0.020224879013563103	0.0	0.0	-2.3652
20	0.002	14.972	0.002	0.020224879013563103	0.0	0.0	-2.3652
21	0.002	14.972	0.002	0.020224879013563103	0.0	0.0	-2.364
22	0.002	14.972	0.002	0.020224879013563103	0.0	0.0	-2.3686000000000003
23	0.002	14.972	0.002	0.020224879013563103	0.0	0.0	-2.3688000000000002
24	0.002	14.972	0.002	0.020224879013563103	0.0	0.0	-2.3648
25	0.002	14.972	0.002	0.020224879013563103	0.0	0.0	-2.3564000000000003
26	0.002	14.972	0.002	0.020224879013563103	0.0	0.0	-2.3502
27	0.002	14.972	0.002	0.020224879013563103	0.0	0.0	-2.3512
28	0.002	14.972	0.002	0.020224879013563103	0.0	0.0	-2.350600000000001
29	0.002	14.972	0.002	0.020224879013563103	0.0	0.0	-2.3471800000000007
30	0.002	14.972	0.002	0.020224879013563103	0.0	0.0	-2.3402000000000003
31	0.002	14.972	0.002	0.020224879013563103	0.0	0.0	-2.3412000000000006
32	0.002	14.972	0.002	0.020224879013563103	0.0	0.0	-2.3412000000000006
33	0.002	14.972	0.002	0.020224879013563103	0.0	0.0	-2.3422000000000005
34	0.002	14.972	0.002	0.020224879013563103	0.0	0.0	-2.3398000000000003
35	0.002	14.972	0.002	0.020224879013563103	0.0	0.0	-2.3318000000000003
36	0.002	14.972	0.002	0.020224879013563103	0.0	0.0	-2.3308
37	0.002	14.972	0.002	0.020224879013563103	0.0	0.0	-2.3242000000000003
38	0.002	14.972	0.002	0.020224879013563103	0.0	0.0	-2.3226000000000004
39	0.002	14.972	0.002	0.020224879013563103	0.0	0.0	-2.3188000000000004
40	0.002	14.972	0.002	0.020224879013563103	0.0	0.0	-2.3194000000000004
41	0.002	14.972	0.002	0.020224879013563103	0.0	0.0	-2.3112000000000004
42	0.002	14.972	0.002	0.020224879013563103	0.0	0.0	-2.3107999999999995
43	0.002	14.972	0.002	0.020224879013563103	0.0	0.0	-2.3056
44	0.002	14.972	0.002	0.020224879013563103	0.0	0.0	-2.3062
45	0.002	14.972	0.002	0.020224879013563103	0.0	0.0	-2.3064
46	0.002	14.972	0.002	0.020224879013563103	0.0	0.0	-2.3038000000000003
47	0.002	14.972	0.002	0.020224879013563103	0.0	0.0	-2.2996
48	0.002	14.972	0.002	0.020224879013563103	0.0	0.0	-2.2936
49	0.002	14.972	0.002	0.020224879013563103	0.0	0.0	-2.2932
50	0.002	14.972	0.002	0.020224879013563103	0.0	0.0	-2.2888
51	0.002	14.972	0.002	0.020224879013563103	0.0	0.0	-2.2832
52	0.002	14.972	0.002	0.020224879013563103	0.0	0.0	-2.2842000000000002
53	0.002	14.972	0.002	0.020224879013563103	0.0	0.0	-2.2832000000000003
54	0.002	14.972	0.002	0.020224879013563103	0.0	0.0	-2.2818000000000005
55	0.002	14.972	0.002	0.020224879013563103	0.0	0.0	-2.2816
56	0.002	14.972	0.002	0.020224879013563103	0.0	0.0	-2.2818
57	0.002	14.972	0.002	0.020224879013563103	0.0	0.0	-2.2814000000000005
58	0.002	14.972	0.002	0.020224879013563103	0.0	0.0	-2.2822000000000005
0	0.0004001600640256102	14.994397759103641	0.0004001600640256102	0.004046594440488816	nan	nan	-2.1621768707482993
0	0.020833333333333332	14.708333333333334	0.020833333333333332	0.210675823057949	0.0005681818181818183	0.002840909090909091	-2.066666666666667
0	0.002008032128514056	14.971887550200805	0.002008032128514056	0.020306103427272192	nan	nan	-2.1572088353413656
0	0.00505050505050505	14.929292929292929	0.00505050505050505	0.05107292680192703	0.00013774104683195594	0.0006887052341597796	-2.1388888888888893
1	nan	nan	nan	nan	nan	nan	nan
1	0.01	14.86	0.01	0.10112439506781552	0.0	0.0	-2.0490000000000013
1	0.01	14.86	0.01	0.10112439506781552	0.0	0.0	-2.055000000000001
1	0.002	14.972	0.002	0.020224879013563103	0.0	0.0	-2.0701800000000006
2	0.002	14.972	0.002	0.020224879013563103	0.0	0.0	-2.1457800000000002
3	0.002	14.972	0.002	0.020224879013563103	0.0	0.0	-2.1671800000000006
4	0.002	14.972	0.002	0.020224879013563103	0.0	0.0	-2.16638
5	0.002	14.972	0.002	0.020224879013563103	0.0	0.0	-2.20558
6	0.002	14.972	0.002	0.020224879013563103	0.0	0.0	-2.2427799999999993
7	0.002	14.972	0.002	0.020224879013563103	0.0	0.0	-2.2903799999999985
8	0.002	14.972	0.002	0.020224879013563103	0.0	0.0	-2.3027799999999994
9	0.002	14.972	0.002	0.020224879013563103	0.0	0.0	-2.3097799999999986
10	0.002	14.972	0.002	0.020224879013563103	0.0	0.0	-2.3223799999999986
11	0.002	14.972	0.002	0.020224879013563103	0.0	0.0	-2.320179999999999
12	0.002	14.972	0.002	0.020224879013563103	0.0	0.0	-2.315179999999999
13	0.002	14.972	0.002	0.020224879013563103	0.0	0.0	-2.315379999999999
14	0.002	14.972	0.002	0.020224879013563103	0.0	0.0	-2.311779999999999
15	0.002	14.972	0.002	0.020224879013563103	0.0	0.0	-2.3129799999999987
16	0.002	14.972	0.002	0.020224879013563103	0.0	0.0	-2.315179999999999
17	0.002	14.972	0.002	0.020224879013563103	0.0	0.0	-2.3153799999999984
18	0.002	14.972	0.002	0.020224879013563103	0.0	0.0	-2.3155799999999984
19	0.002	14.972	0.002	0.020224879013563103	0.0	0.0	-2.3171799999999982
20	0.002	14.972	0.002	0.020224879013563103	0.0	0.0	-2.317779999999998
21	0.002	14.972	0.002	0.020224879013563103	0.0	0.0	-2.3155799999999984
22	0.002	14.972	0.002	0.020224879013563103	0.0	0.0	-2.3163799999999988
23	0.002	14.972	0.002	0.020224879013563103	0.0	0.0	-2.3169799999999987
24	0.002	14.972	0.002	0.020224879013563103	0.0	0.0	-2.318979999999999
25	0.002	14.972	0.002	0.020224879013563103	0.0	0.0	-2.3209799999999983
26	0.002	14.972	0.002	0.020224879013563103	0.0	0.0	-2.3221799999999986
27	0.002	14.972	0.002	0.020224879013563103	0.0	0.0	-2.3201799999999984
28	0.002	14.972	0.002	0.020224879013563103	0.0	0.0	-2.3187799999999985
29	0.002	14.972	0.002	0.020224879013563103	0.0	0.0	-2.3191799999999985
30	0.002	14.972	0.002	0.020224879013563103	0.0	0.0	-2.3175799999999986
31	0.002	14.972	0.002	0.020224879013563103	0.0	0.0	-2.3207799999999983
32	0.002	14.972	0.002	0.020224879013563103	0.0	0.0	-2.319379999999998
33	0.002	14.972	0.002	0.020224879013563103	0.0	0.0	-2.3179799999999986
34	0.002	14.972	0.002	0.020224879013563103	0.0	0.0	-2.313579999999999
35	0.002	14.972	0.002	0.020224879013563103	0.0	0.0	-2.3173799999999987
36	0.002	14.972	0.002	0.020224879013563103	0.0	0.0	-2.316579999999999
37	0.002	14.972	0.002	0.020224879013563103	0.0	0.0	-2.3173799999999987
38	0.002	14.972	0.002	0.020224879013563103	0.0	0.0	-2.3167799999999987
39	0.002	14.972	0.002	0.020224879013563103	0.0	0.0	-2.314179999999999
40	0.002	14.972	0.002	0.020224879013563103	0.0	0.0	-2.315179999999999
41	0.002	14.972	0.002	0.020224879013563103	0.0	0.0	-2.314779999999999
42	0.002	14.972	0.002	0.020224879013563103	0.0	0.0	-2.315979999999999
43	0.002	14.972	0.002	0.020224879013563103	0.0	0.0	-2.3167799999999987
44	0.002	14.972	0.002	0.020224879013563103	0.0	0.0	-2.3171799999999982
45	0.002	14.972	0.002	0.020224879013563103	0.0	0.0	-2.317179999999999
46	0.002	14.972	0.002	0.020224879013563103	0.0	0.0	-2.3157799999999984
47	0.002	14.972	0.002	0.020224879013563103	0.0	0.0	-2.316179999999999
48	0.002	14.972	0.002	0.020224879013563103	0.0	0.0	-2.3145799999999985
49	0.002	14.972	0.002	0.020224879013563103	0.0	0.0	-2.3153799999999984
50	0.002	14.972	0.002	0.020224879013563103	0.0	0.0	-2.3139799999999986
51	0.002	14.972	0.002	0.020224879013563103	0.0	0.0	-2.3137799999999986
52	0.002	14.972	0.002	0.020224879013563103	0.0	0.0	-2.3137799999999986
53	0.002	14.972	0.002	0.020224879013563103	0.0	0.0	-2.314979999999999
54	0.002	14.972	0.002	0.020224879013563103	0.0	0.0	-2.314979999999999
55	0.002	14.972	0.002	0.020224879013563103	0.0	0.0	-2.314379999999999
56	0.002	14.972	0.002	0.020224879013563103	0.0	0.0	-2.318179999999999
57	0.002	14.972	0.002	0.020224879013563103	0.0	0.0	-2.317179999999999
58	0.002	14.972	0.002	0.020224879013563103	0.0	0.0	-2.315379999999999
59	0.002	14.972	0.002	0.020224879013563103	0.0	0.0	-2.315779999999999
60	0.002	14.972	0.002	0.020224879013563103	0.0	0.0	-2.3163799999999988
61	0.002	14.972	0.002	0.020224879013563103	0.0	0.0	-2.3161799999999984
62	0.002	14.972	0.002	0.020224879013563103	0.0	0.0	-2.3173799999999987
63	0.002	14.972	0.002	0.020224879013563103	0.0	0.0	-2.3175799999999986
64	0.002	14.972	0.002	0.020224879013563103	0.0	0.0	-2.3175799999999986
65	0.002	14.972	0.002	0.020224879013563103	0.0	0.0	-2.3173799999999987
66	0.002	14.972	0.002	0.020224879013563103	0.0	0.0	-2.3177799999999986
67	0.002	14.972	0.002	0.020224879013563103	0.0	0.0	-2.3177799999999986
68	0.002	14.972	0.002	0.020224879013563103	0.0	0.0	-2.315979999999999
69	0.002	14.972	0.002	0.020224879013563103	0.0	0.0	-2.315179999999999
70	0.002	14.972	0.002	0.020224879013563103	0.0	0.0	-2.313379999999999
71	0.002	14.972	0.002	0.020224879013563103	0.0	0.0	-2.3153799999999984
72	0.002	14.972	0.002	0.020224879013563103	0.0	0.0	-2.314779999999999
73	0.002	14.972	0.002	0.020224879013563103	0.0	0.0	-2.3149799999999985
74	0.002	14.972	0.002	0.020224879013563103	0.0	0.0	-2.315379999999999
75	0.002	14.972	0.002	0.020224879013563103	0.0	0.0	-2.315979999999999
76	0.002	14.972	0.002	0.020224879013563103	0.0	0.0	-2.3173799999999987
77	0.002	14.972	0.002	0.020224879013563103	0.0	0.0	-2.3177799999999986
78	0.002	14.972	0.002	0.020224879013563103	0.0	0.0	-2.3167799999999987
79	0.002	14.972	0.002	0.020224879013563103	0.0	0.0	-2.315579999999999
80	0.002	14.972	0.002	0.020224879013563103	0.0	0.0	-2.315379999999999
81	0.002	14.972	0.002	0.020224879013563103	0.0	0.0	-2.316179999999999
82	0.002	14.972	0.002	0.020224879013563103	0.0	0.0	-2.3173799999999987
83	0.002	14.972	0.002	0.020224879013563103	0.0	0.0	-2.3177799999999986
84	0.002	14.972	0.002	0.020224879013563103	0.0	0.0	-2.3185799999999985
85	0.002	14.972	0.002	0.020224879013563103	0.0	0.0	-2.3189799999999985
86	0.002	14.972	0.002	0.020224879013563103	0.0	0.0	-2.3173799999999987
87	0.002	14.972	0.002	0.020224879013563103	0.0	0.0	-2.3183799999999986
88	0.002	14.972	0.002	0.020224879013563103	0.0	0.0	-2.3167799999999987
89	0.002	14.972	0.002	0.020224879013563103	0.0	0.0	-2.3161799999999984
90	0.002	14.972	0.002	0.020224879013563103	0.0	0.0	-2.3155799999999984
91	0.002	14.972	0.002	0.020224879013563103	0.0	0.0	-2.315179999999999
92	0.002	14.972	0.002	0.020224879013563103	0.0	0.0	-2.315579999999999
93	0.002	14.972	0.002	0.020224879013563103	0.0	0.0	-2.3163799999999988
94	0.002	14.972	0.002	0.020224879013563103	0.0	0.0	-2.316179999999999
95	0.002	14.972	0.002	0.020224879013563103	0.0	0.0	-2.315979999999999
96	0.002	14.972	0.002	0.020224879013563103	0.0	0.0	-2.3175799999999986
97	0.002	14.972	0.002	0.020224879013563103	0.0	0.0	-2.3177799999999986
98	0.002	14.972	0.002	0.020224879013563103	0.0	0.0	-2.3169799999999983
99	0.002	14.972	0.002	0.020224879013563103	0.0	0.0	-2.3167799999999987
100	0.002	14.972	0.002	0.020224879013563103	0.0	0.0	-2.316179999999999
1	nan	nan	nan	nan	nan	nan	nan
2	nan	nan	nan	nan	nan	nan	nan
1	nan	nan	nan	nan	nan	nan	nan
1	nan	nan	nan	nan	nan	nan	nan
2	nan	nan	nan	nan	nan	nan	nan
1	0.0	15.0	0.0	0.0	0.0	0.0	-2.0650000000000004
1	0.0	15.0	0.0	0.0	0.044444444444444446	0.014078232201728595	-2.1950000000000003
1	0.0	15.0	0.0	0.0	0.044444444444444446	0.014078232201728595	-2.1950000000000003
1	0.0	15.0	0.0	0.0	0.044444444444444446	0.014078232201728595	-2.1950000000000003
1	0.0	15.0	0.0	0.0	0.0	0.0	-2.0650000000000004
1	0.0	15.0	0.0	0.0	0.008333333333333333	0.027777777777777776	-2.145
1	0.004	14.963999999999999	0.0020545840653423083	0.01756300604729937	0.0040384615384615385	0.020192307692307693	-2.0867600000000004
2	0.004	14.963999999999999	0.0020541858410991227	0.01638173710260919	0.0040384615384615385	0.020192307692307693	-2.15058
3	0.004	14.963999999999999	0.0020538747587316455	0.016553113526476034	0.0040384615384615385	0.020192307692307693	-2.16298
4	0.006	14.940000000000001	0.003612694432992158	0.03810622446463615	0.00404040404040404	0.0202020202020202	-2.17856
5	0.006	14.940000000000001	0.003612694432992158	0.03810622446463615	0.00404040404040404	0.0202020202020202	-2.2051600000000002
6	0.0	15.0	0.0	0.0	0.004722222222222222	0.02361111111111111	-2.2529600000000003
7	0.0	15.0	0.0	0.0	0.004722222222222222	0.02361111111111111	-2.2909599999999997
8	0.0	15.0	0.0	0.0	0.004722222222222222	0.02361111111111111	-2.3113599999999996
9	0.0	15.0	0.0	0.0	0.004722222222222222	0.02361111111111111	-2.2947599999999997
10	0.0	15.0	0.0	0.0	0.004722222222222222	0.02361111111111111	-2.30416
11	0.0	15.0	0.0	0.0	0.004722222222222222	0.02361111111111111	-2.32716
12	0.0	15.0	0.0	0.0	0.004722222222222222	0.02361111111111111	-2.3251599999999994
13	0.0	15.0	0.0	0.0	0.004722222222222222	0.02361111111111111	-2.3275599999999996
14	0.0	15.0	0.0	0.0	0.004722222222222222	0.02361111111111111	-2.32918
15	0.0	15.0	0.0	0.0	0.004722222222222222	0.02361111111111111	-2.3397599999999996
16	0.0	15.0	0.0	0.0	0.004722222222222222	0.02361111111111111	-2.34116
17	0.0	15.0	0.0	0.0	0.004722222222222222	0.02361111111111111	-2.34556
18	0.0	15.0	0.0	0.0	0.004722222222222222	0.02361111111111111	-2.33856
19	0.0	15.0	0.0	0.0	0.004722222222222222	0.02361111111111111	-2.33356
20	0.0	15.0	0.0	0.0	0.004722222222222222	0.02361111111111111	-2.33696
21	0.0	15.0	0.0	0.0	0.004722222222222222	0.02361111111111111	-2.33596
1	0.0	15.0	0.0	0.0	0.0	0.0	-2.12498
2	0.0	15.0	0.0	0.0	0.0	0.0	-2.1769999999999996
3	0.0	15.0	0.0	0.0	0.0	0.0	-2.2088
1	0.0	15.0	0.0	0.0	0.0	0.0	-2.12498
2	0.0	15.0	0.0	0.0	0.0	0.0	-2.1769999999999996
3	0.0	15.0	0.0	0.0	0.0	0.0	-2.2088
4	0.0	15.0	0.0	0.0	0.0	0.0	-2.2358000000000002
5	0.002	14.988	0.0005932280153297185	0.012398411586472214	0.0	0.0	-2.254800000000001
6	0.0	15.0	0.0	0.0	0.0	0.0	-2.2847999999999997
7	0.0	15.0	0.0	0.0	0.0	0.0	-2.32418
8	0.0	15.0	0.0	0.0	0.0	0.0	-2.339
9	0.0	15.0	0.0	0.0	0.0	0.0	-2.3645999999999994
10	0.0	15.0	0.0	0.0	0.0	0.0	-2.36878
11	0.0	15.0	0.0	0.0	0.0	0.0	-2.3849599999999995
12	0.0	15.0	0.0	0.0	0.0	0.0	-2.40238
13	0.002	14.978	0.0007990414243187452	0.0068712950351969785	nan	nan	-2.42558
14	0.0	15.0	0.0	0.0	0.0	0.0	-2.4497799999999996
15	0.0	15.0	0.0	0.0	0.0	0.0	-2.47176
16	0.0	15.0	0.0	0.0	nan	nan	-2.47258
17	0.0	15.0	0.0	0.0	0.0	0.0	-2.47896
18	0.0	15.0	0.0	0.0	0.0	0.0	-2.4875800000000003
19	0.0	15.0	0.0	0.0	0.0	0.0	-2.49838
20	0.0	15.0	0.0	0.0	0.0	0.0	-2.5083600000000006
21	0.002	14.978	0.0007990414243187452	0.0056795090823238675	0.0	0.0	-2.52458
22	0.002	14.996	0.0005176798028057112	0.007473257105766103	0.0	0.0	-2.5323800000000007
23	0.0	15.0	0.0	0.0	0.0	0.0	-2.5245599999999997
24	0.0	15.0	0.0	0.0	nan	nan	-2.53776
25	0.0	15.0	0.0	0.0	nan	nan	-2.5399600000000007
26	0.0	15.0	0.0	0.0	nan	nan	-2.5467799999999996
27	0.0	15.0	0.0	0.0	0.0	0.0	-2.5531800000000002
28	0.0	15.0	0.0	0.0	0.0	0.0	-2.563980000000001
29	0.0	15.0	0.0	0.0	0.0	0.0	-2.567980000000001
30	0.0	15.0	0.0	0.0	nan	nan	-2.55676
1	0.0	15.0	0.0	0.0	0.0	0.0	-2.0980000000000003
2	0.0	15.0	0.0	0.0	0.0	0.0	-2.146999999999999
3	0.0	15.0	0.0	0.0	0.0	0.0	-2.1549999999999994
4	0.0	15.0	0.0	0.0	0.0	0.0	-2.141
5	0.0	15.0	0.0	0.0	0.0	0.0	-2.1239999999999997
6	0.0	15.0	0.0	0.0	0.0	0.0	-2.115000000000001
7	0.0	15.0	0.0	0.0	0.0	0.0	-2.103900000000001
8	0.0	15.0	0.0	0.0	0.0	0.0	-2.1089
9	0.0	15.0	0.0	0.0	0.0	0.0	-2.0929
10	0.0	15.0	0.0	0.0	0.0	0.0	-2.1050000000000004
11	0.0	15.0	0.0	0.0	0.0	0.0	-2.1109000000000004
12	0.0	15.0	0.0	0.0	0.0	0.0	-2.1139000000000006
13	0.0	15.0	0.0	0.0	0.0	0.0	-2.1109000000000004
14	0.0	15.0	0.0	0.0	0.0	0.0	-2.1090000000000013
15	0.0	15.0	0.0	0.0	0.0	0.0	-2.140000000000001
16	0.0	15.0	0.0	0.0	0.0	0.0	-2.133000000000001
17	0.0	15.0	0.0	0.0	0.0	0.0	-2.138
18	0.0	15.0	0.0	0.0	0.0	0.0	-2.1279999999999997
19	0.0	15.0	0.0	0.0	0.0	0.0	-2.117000000000001
20	0.0	15.0	0.0	0.0	0.0	0.0	-2.1420000000000003
21	0.0	15.0	0.0	0.0	0.0	0.0	-2.14
22	0.0	15.0	0.0	0.0	0.0	0.0	-2.1500000000000004
23	0.0	15.0	0.0	0.0	0.0	0.0	-2.1280000000000006
24	0.0	15.0	0.0	0.0	0.0	0.0	-2.1270000000000007
25	0.0	15.0	0.0	0.0	0.0	0.0	-2.135
26	0.0	15.0	0.0	0.0	0.0	0.0	-2.1520000000000006
27	0.0	15.0	0.0	0.0	0.0	0.0	-2.1679999999999997
28	0.0	15.0	0.0	0.0	0.0	0.0	-2.15
29	0.0	15.0	0.0	0.0	0.0	0.0	-2.1589999999999994
30	0.0	15.0	0.0	0.0	0.0	0.0	-2.155
1	0.0	15.0	0.0	0.0	0.0	0.0	-2.110000000000001
2	0.0	15.0	0.0	0.0	0.0	0.0	-2.1029
3	0.0	15.0	0.0	0.0	0.0	0.0	-2.0989
4	0.0	15.0	0.0	0.0	0.0	0.0	-2.1098999999999997
5	0.0	15.0	0.0	0.0	0.0	0.0	-2.107000000000001
6	0.0	15.0	0.0	0.0	0.0	0.0	-2.100000000000001
7	0.0	15.0	0.0	0.0	0.0	0.0	-2.0910000000000006
8	0.0	15.0	0.0	0.0	0.0	0.0	-2.078000000000001
9	0.0	15.0	0.0	0.0	0.0	0.0	-2.074000000000001
10	0.0	15.0	0.0	0.0	0.0	0.0	-2.075000000000001
11	0.0	15.0	0.0	0.0	0.0	0.0	-2.094000000000001
12	0.0	15.0	0.0	0.0	0.0	0.0	-2.116000000000001
13	0.0	15.0	0.0	0.0	0.0	0.0	-2.130000000000001
1	0.0	15.0	0.0	0.0	0.0	0.0	-2.1560000000000006
2	0.0	15.0	0.0	0.0	0.0	0.0	-2.181
3	0.0	15.0	0.0	0.0	0.0	0.0	-2.1780000000000004
4	0.0	15.0	0.0	0.0	0.0	0.0	-2.1510000000000016
5	0.0	15.0	0.0	0.0	0.0	0.0	-2.1650000000000005
1	0.0	15.0	0.0	0.0	0.0	0.0	-2.163
1	0.0	15.0	0.0	0.0	0.0	0.0	-2.163
2	0.0	15.0	0.0	0.0	0.0	0.0	-2.2102
1	0.0	15.0	0.0	0.0	0.0	0.0	-2.163
1	0.0	15.0	0.0	0.0	0.0	0.0	-2.0800000000000005
2	0.0	15.0	0.0	0.0	0.0	0.0	-2.2600000000000002
3	0.0	15.0	0.0	0.0	0.0	0.0	-2.22
4	0.0	15.0	0.0	0.0	0.0	0.0	-2.23
5	0.0	15.0	0.0	0.0	0.0	0.0	-2.0800000000000005
6	0.0	15.0	0.0	0.0	0.0	0.0	-2.06
7	0.0	15.0	0.0	0.0	0.0	0.0	-2.06
8	0.0	15.0	0.0	0.0	0.0	0.0	-2.06
9	0.0	15.0	0.0	0.0	0.0	0.0	-2.06
10	0.0	15.0	0.0	0.0	0.0	0.0	-2.07
11	0.0	15.0	0.0	0.0	0.0	0.0	-2.07
12	0.0	15.0	0.0	0.0	0.0	0.0	-2.07
13	0.0	15.0	0.0	0.0	0.0	0.0	-2.0500000000000003
14	0.0	15.0	0.0	0.0	0.0	0.0	-2.0500000000000003
15	0.0	15.0	0.0	0.0	0.0	0.0	-2.04
16	0.0	15.0	0.0	0.0	0.0	0.0	-2.0599999999999996
17	0.0	15.0	0.0	0.0	0.0	0.0	-2.0599999999999996
18	0.0	15.0	0.0	0.0	0.0	0.0	-2.0599999999999996
19	0.0	15.0	0.0	0.0	0.0	0.0	-2.0599999999999996
20	0.0	15.0	0.0	0.0	0.0	0.0	-2.0599999999999996
21	0.0	15.0	0.0	0.0	0.0	0.0	-2.0599999999999996
22	0.0	15.0	0.0	0.0	0.0	0.0	-2.0599999999999996
23	0.0	15.0	0.0	0.0	0.0	0.0	-2.0599999999999996
24	0.0	15.0	0.0	0.0	0.0	0.0	-2.0599999999999996
25	0.0	15.0	0.0	0.0	0.0	0.0	-2.0599999999999996
26	0.0	15.0	0.0	0.0	0.0	0.0	-2.0599999999999996
27	0.0	15.0	0.0	0.0	0.0	0.0	-2.0599999999999996
1	0.4	12.0	0.1900855044506415	2.284182825303316	0.7999999999999999	2.0	-1.3780000000000001
2	0.4	11.6	0.1938226647887057	2.3810984070092323	0.7999999999999999	2.0	-1.2579999999999998
1	0.4	12.0	0.1900855044506415	2.284182825303316	0.7999999999999999	2.0	-1.3780000000000001
1	0.31799999999999995	11.514000000000001	0.20058356724249324	1.9048719268129954	10.478730158730155	15.3	-1.3043400000000003
1	0.31799999999999995	11.514000000000001	0.20058356724249324	1.9048719268129954	10.478730158730155	15.3	-1.3043400000000003
1	0.31799999999999995	11.514000000000001	0.20058356724249324	0.21816687001238266	10.478730158730155	15.3	-1.3043400000000003
2	0.33199999999999996	11.43	0.20634112624228945	0.23562862773484147	11.568095238095232	15.966666666666669	-1.2862200000000001
3	0.318	11.594	0.1921469300735309	0.22280767820528444	10.3231746031746	15.37857142857143	-1.33548
4	0.312	11.58	0.19282154038440608	0.21859271185252876	10.876031746031744	14.961363636363638	-1.37574
5	0.332	11.246	0.2157678826282296	0.23058406174315071	11.721825396825393	16.35	-1.2908200000000003
6	0.33	11.41	0.20439896601562285	0.22797452221656603	10.678968253968252	15.916666666666666	-1.3241599999999998
7	0.34	11.334	0.21169166077758592	0.24394771655326436	12.786349206349204	16.669696969696968	-1.3183000000000002
8	0.324	11.406000000000002	0.2031302607705653	0.23006012240214116	11.575634920634917	15.733030303030304	-1.3355400000000002
9	0.35	11.097999999999999	0.21809120717413027	0.2512644280437535	12.564365079365075	17.028030303030302	-1.24588
10	0.316	11.478	0.19749782735242316	0.22399980622974297	10.835158730158726	15.171753246753246	-1.3619800000000004
11	0.35	11.154	0.22383237350655624	0.25649213410503896	12.770555555555552	17.166666666666664	-1.2673
12	0.346	11.222	0.21990850621085153	0.24764664629225436	12.25865079365079	16.95	-1.2827600000000001
13	0.304	11.516000000000002	0.19235623943296476	0.20917953845566442	10.150158730158727	14.653030303030302	-1.3785399999999999
14	0.332	11.232	0.21725849280660317	0.23746369717800975	12.750476190476187	16.403030303030306	-1.30832
15	0.33	11.146	0.22671683734497558	0.24509218942399902	13.388730158730155	16.25	-1.3025200000000001
16	0.33399999999999996	11.28	0.2187588197732766	0.23743310952415547	12.489206349206345	15.866666666666665	-1.3353800000000002
17	0.316	11.454000000000002	0.20674404336734725	0.22212531852695244	11.525634920634918	15.578030303030303	-1.3941999999999999
18	0.318	11.572	0.20028314324488128	0.230636188729118	12.533253968253966	15.316666666666668	-1.41424
19	0.302	11.553999999999998	0.19930753602619772	0.21931569474690749	10.40674603174603	14.719696969696969	-1.46612
20	0.29	11.624	0.1909852790584378	0.20803935699791615	10.71849206349206	14.319696969696972	-1.5028000000000001
21	0.30799999999999994	11.803999999999998	0.1864654120606699	0.21890514063153588	11.732619047619044	14.691666666666668	-1.51354
22	0.294	11.718	0.19062041633402696	0.22096697277821287	12.019841269841269	14.26969696969697	-1.48618
23	0.3	11.644	0.1955719097223234	0.21197820982005697	10.496507936507934	14.616666666666669	-1.4454600000000002
24	0.28200000000000003	11.876	0.17458522973815122	0.20545465316514006	10.87706349206349	13.561363636363637	-1.5399399999999996
25	0.31400000000000006	11.52	0.2014575330869585	0.228407784045209	12.285079365079364	14.986363636363638	-1.4231400000000005
26	0.312	11.488	0.20370277515667695	0.22642948279199282	12.209603174603172	15.111363636363638	-1.4089399999999999
27	0.30200000000000005	11.563999999999998	0.1959629498617355	0.22365536425482282	12.353968253968253	14.736363636363638	-1.4399000000000002
1	0.35200000000000004	11.212	0.21579502951061885	0.2380418122013607	11.426984126984122	16.84469696969697	-1.1923000000000001
2	0.348	11.206	0.21904028951885507	0.2555804329281134	12.86349206349206	16.964935064935066	-1.21002
3	0.306	11.6	0.19394368859540942	0.21279886422535924	11.178730158730156	14.961363636363638	-1.35698
4	0.35200000000000004	11.016	0.2261178417171449	0.24881385311202803	12.686984126984123	17.153030303030302	-1.2216400000000003
5	0.32	11.450000000000001	0.20689434257706552	0.22529580539127436	10.204603174603172	15.44969696969697	-1.3359800000000002
6	0.32199999999999995	11.347999999999999	0.20406108164228537	0.22511582438359015	10.565714285714282	15.416363636363638	-1.35626
7	0.304	11.675999999999998	0.19549085436550692	0.21467216141178785	10.244841269841269	14.89969696969697	-1.40196
8	0.298	11.739999999999998	0.1857653689382546	0.2187469771528192	11.238888888888885	14.333333333333334	-1.42984
9	0.346	11.110000000000001	0.2227317847304692	0.24449659127611295	12.732857142857139	16.639999999999997	-1.2965000000000004
10	0.31	11.491999999999999	0.20377593564636473	0.22427332236260833	11.211825396825395	14.866666666666665	-1.3987200000000004
11	0.312	11.453999999999999	0.19911008815418657	0.21792929167753936	11.19380952380952	15.333333333333332	-1.40286
12	0.344	11.05	0.22971855605607092	0.2440653292670986	13.351507936507932	16.756666666666668	-1.3082999999999998
13	0.304	11.634000000000002	0.1937694287683637	0.22048687110347415	11.607142857142852	14.853030303030303	-1.46036
14	0.28400000000000003	11.606	0.19647583534924262	0.2037922969030861	10.900158730158727	14.216666666666669	-1.50784
15	0.304	11.622000000000002	0.19586420653490552	0.2205110577736568	11.637539682539682	14.40151515151515	-1.4959200000000001
16	0.278	11.767999999999999	0.18681229280784298	0.20141080510050155	11.93	13.334848484848484	-1.56784
17	0.278	11.898	0.17915026488031	0.20344405717956518	10.87174603174603	13.516666666666666	-1.60564
18	0.28600000000000003	11.584	0.193407384996768	0.19990169879424174	10.893730158730158	13.564848484848486	-1.5348800000000002
19	0.306	11.52	0.19644184714810387	0.21905699619054458	10.274444444444443	14.51969696969697	-1.4730999999999999
20	0.308	11.378	0.20365210784529036	0.22359644045611354	11.691269841269838	14.703030303030307	-1.47608
21	0.29600000000000004	11.628	0.20023034507557852	0.2199169886146139	12.081269841269838	14.575	-1.5477000000000003
22	0.296	11.618	0.19171546283418445	0.21390238388562502	11.540714285714284	14.236363636363638	-1.5870800000000003
23	0.266	11.829999999999998	0.1802075289878961	0.19390186609984544	10.725079365079363	12.968181818181815	-1.7226599999999999
24	0.246	12.128	0.15940768341134715	0.17567381850685526	10.154920634920634	11.618181818181819	-1.74994
25	0.292	11.600000000000001	0.20121246427145517	0.2211251533265605	11.959285714285713	14.403030303030302	-1.60076
26	0.236	12.196000000000002	0.16158183962027672	0.17529178550545424	10.311031746031745	11.601515151515153	-1.76524
27	0.25	12.094	0.16895550957648797	0.19052527838025987	10.808730158730157	11.80151515151515	-1.7458600000000004
28	0.27	11.73	0.19299486145459413	0.2066779913041465	12.091984126984126	12.76818181818182	-1.6628600000000002
29	0.28800000000000003	11.672	0.19701972232664178	0.22046412615372607	13.703650793650795	14.15151515151515	-1.6402600000000003
30	0.29800000000000004	11.604000000000001	0.1980667384107515	0.22397696563100822	12.064444444444442	14.653030303030306	-1.6211799999999996
1	0.316	11.376	0.20486015398376684	0.21723825416480214	0.10505238095238092	0.15578571428571425	-1.29892
2	0.308	11.596	0.1885886820304404	0.2072190865315223	0.09194206349206346	0.14733333333333334	-1.3358200000000005
3	0.35200000000000004	10.918	0.23600365951903157	0.24330511804070842	0.13004523809523807	0.17493333333333333	-1.18616
4	0.34400000000000003	11.251999999999999	0.21971845288294026	0.2479180083822215	0.12959841269841266	0.1645151515151515	-1.23942
5	0.32999999999999996	11.356000000000002	0.21130116653813044	0.23753247092563404	0.128981746031746	0.1571969696969697	-1.3174400000000004
6	0.314	11.48	0.19699826109662727	0.2212116330471753	0.10995634920634918	0.15503030303030302	-1.34674
7	0.342	11.144	0.21943387299667516	0.24375426233888936	0.11772777777777774	0.16516666666666666	-1.28828
8	0.306	11.61	0.19208692081863502	0.2148665210343692	0.10780079365079362	0.14775	-1.4133200000000001
9	0.298	11.628	0.1924217654243138	0.20901644768089409	0.1020865079365079	0.1481136363636364	-1.43844
10	0.314	11.437999999999999	0.20876896661738625	0.22504183933633062	0.11900555555555554	0.15416666666666667	-1.4228400000000003
11	0.29000000000000004	11.620000000000001	0.19175743130070402	0.2101140824987715	0.10850952380952379	0.14294696969696968	-1.48724
12	0.272	11.790000000000001	0.18441024148829496	0.1937952769433259	0.09319047619047618	0.13061363636363638	-1.5351800000000004
13	0.298	11.658	0.19239278537260168	0.21858022808337574	0.12144047619047618	0.14701515151515152	-1.48722
14	0.29000000000000004	11.738	0.18836336777721832	0.213600787314077	0.11724047619047617	0.13986363636363636	-1.5128400000000002
15	0.264	11.96	0.17578526016489424	0.19308772733579757	0.10470714285714282	0.13019696969696973	-1.5831400000000002
16	0.314	11.542	0.19783355270249336	0.22014889892418288	0.11177380952380951	0.15173268398268397	-1.4726200000000003
17	0.308	11.509999999999998	0.19980397688903911	0.2197686663346768	0.10695952380952378	0.1489675324675325	-1.4351
18	0.28200000000000003	11.808	0.18626205828245093	0.20550582507537452	0.11449920634920634	0.13564935064935063	-1.51422
19	0.3	11.568	0.19210206802502636	0.2115129400469309	0.1147269841269841	0.14611363636363636	-1.46494
20	0.296	11.622	0.19454316974172609	0.2152975859503028	0.10730634920634916	0.1441666666666667	-1.4748799999999997
21	0.312	11.426	0.20528644068622776	0.2309087290314888	0.1274626984126984	0.149130303030303	-1.4105400000000001
22	0.28	11.786000000000001	0.18913512285194817	0.21026981975472073	0.11681666666666665	0.13933333333333336	-1.5151599999999998
23	0.272	11.894	0.17702632139442354	0.19921626612483143	0.11443809523809523	0.13301515151515153	-1.5849399999999998
24	0.29400000000000004	11.620000000000001	0.19151428946030882	0.21493491327549266	0.1234785714285714	0.14009848484848486	-1.5352200000000003
25	0.244	12.334	0.15131905446227295	0.17360605604730917	0.09799761904761904	0.11751515151515153	-1.72256
26	0.31	11.547999999999998	0.1969606961361067	0.2246701746052407	0.12481666666666665	0.14759848484848487	-1.5145000000000004
27	0.30200000000000005	11.565999999999999	0.20188233791768034	0.22220320191165516	0.12149761904761902	0.1461666666666667	-1.51552
28	0.258	12.018	0.17252605629803025	0.19059907142562577	0.11089285714285713	0.12436363636363637	-1.6549
29	0.252	12.086	0.16882077256829917	0.1842275374701073	0.09960714285714285	0.12103030303030302	-1.6371799999999996
30	0.30000000000000004	11.556000000000001	0.19515834003457547	0.21822158198465202	0.12164285714285712	0.14934848484848484	-1.4945400000000004
0	0.7676767676767675	6.44949494949495	0.4461648112187432	0.6227375486888432	0.1611171236171236	0.3941842669115397	0.0017676767676766988
0	0.76	6.21	0.439208693919404	0.6328095140301655	0.1720833333333333	0.3788181818181819	0.017299999999999937
0	0.7984	6.0776	0.45399669359240724	0.6422682786854648	0.15974031746031733	0.410645064935065	0.08009999999999996
0	0.39	10.82	0.2304164075055693	0.2794865760458872	0.12714682539682534	0.18583333333333335	-1.1129999999999998
1	0.7539999999999999	6.316000000000001	0.4571583261293929	0.612817557746544	0.16181507936507927	0.3786690476190476	-0.07418000000000004
2	0.7959999999999999	6.296	0.4386635920478442	0.6307825556329966	0.14719047619047604	0.4003636363636365	0.03399999999999995
3	0.7539999999999999	6.756	0.42630312956764105	0.6106453698781236	0.15812619047619036	0.38008419913419916	-0.10896000000000006
4	0.7100000000000001	7.614	0.37380442484379695	0.5718115797591287	0.1455865079365078	0.3576	-0.3195000000000001
5	0.6	8.270000000000001	0.36229127153288904	0.49987545321654825	0.1446539682539682	0.3113469696969697	-0.6678200000000001
6	0.556	8.468	0.3595269038415282	0.4636304275158367	0.13813174603174597	0.2815841991341991	-0.7878000000000002
7	0.554	8.389999999999999	0.35511257227407944	0.4587386417519322	0.12947460317460308	0.2802568181818182	-0.79592
8	0.532	8.59	0.35186489284229366	0.448162153363422	0.13841269841269832	0.2710333333333333	-0.8394199999999999
9	0.554	8.278	0.3798385957935232	0.46699561709204324	0.1479603174603174	0.27691515151515145	-0.7667600000000001
10	0.5499999999999999	8.448	0.36235690664202574	0.46606070816315864	0.1413015873015872	0.2782416666666666	-0.80412
11	0.5519999999999999	8.370000000000001	0.3699837653173842	0.4658049439676123	0.14947698412698407	0.2778607142857143	-0.8103999999999999
12	0.5	8.964	0.33549482741372205	0.42089470546141705	0.12568015873015867	0.2583	-0.9923000000000002
13	0.492	9.106	0.3268829164928089	0.41860598077539485	0.1360119047619047	0.24759999999999996	-1.01586
14	0.526	8.620000000000001	0.36137475706388233	0.44683298050917386	0.14047857142857137	0.2700008658008658	-0.8888400000000001
15	0.5539999999999999	8.39	0.36787177582888053	0.4718073533286257	0.14843730158730156	0.2807318181818182	-0.8291800000000003
16	0.52	8.756	0.35605610946934074	0.4478624359044801	0.137347619047619	0.2666818181818182	-0.9378400000000001
17	0.508	8.81	0.3474992619907359	0.4307874823992236	0.13207301587301581	0.25106515151515146	-0.96112
18	0.512	8.838000000000001	0.3368343193960409	0.4322258100885293	0.11852222222222215	0.2615484848484848	-0.9817000000000004
19	0.504	8.934	0.3371850999746968	0.4304803614385482	0.12663492063492057	0.2573969696969697	-0.9919000000000004
20	0.512	8.954	0.34343219254959295	0.43197388351942345	0.12748571428571423	0.25716363636363637	-0.9554600000000001
21	0.526	8.79	0.3532825822203475	0.4468061198612638	0.14573968253968247	0.26963863636363633	-0.9308600000000002
22	0.516	8.902000000000001	0.33994499294249597	0.4275679888900072	0.12916825396825388	0.26081666666666664	-0.9519800000000004
23	0.46399999999999997	9.546000000000001	0.30386661627962813	0.3903524429545656	0.12078809523809517	0.22788571428571425	-1.1142000000000003
24	0.504	9.162	0.32733075389024613	0.4257241819527661	0.14004126984126977	0.2556	-1.0057200000000002
25	0.52	8.884	0.3407326924977277	0.44127319850050384	0.13197380952380944	0.2659333333333333	-0.9447800000000003
26	0.512	8.87	0.34110705455937335	0.43093414940179403	0.14000317460317452	0.2607333333333333	-0.9436600000000002
27	0.454	9.533999999999999	0.31194129546099336	0.3852299321063583	0.13602857142857136	0.2298166666666667	-1.1247400000000003
28	0.506	8.99	0.33459634315738024	0.42897238190419407	0.1409603174603174	0.25971666666666665	-0.9904
29	0.514	8.912	0.348016775502792	0.4386256080972649	0.1363619047619047	0.26853333333333324	-0.9485400000000002
30	0.47400000000000003	9.383999999999999	0.31458643980496986	0.4027086216149659	0.1251039682539682	0.2392690476190476	-1.0877000000000003
0	0.73	7.06	0.40053586938819075	0.5795754016760837	0.12292857142857129	0.3613181818181818	-0.14130000000000004
1	0.386	10.748	0.24144070574614762	0.27515634967561575	0.12578730158730153	0.18336904761904763	-1.0530400000000002
2	0.31799999999999995	11.622	0.19347861369065816	0.2311678620122129	0.111781746031746	0.1530871212121212	-1.3012400000000002
3	0.346	11.258	0.21732594786421217	0.25246640735642867	0.13043492063492063	0.16457738095238095	-1.24348
4	0.33599999999999997	11.382000000000001	0.2096212166536302	0.24592923600476674	0.12787142857142852	0.16086904761904763	-1.4711200000000002
5	0.29400000000000004	11.594	0.20140415401619305	0.22727464936693406	0.1333785714285714	0.14584848484848484	-1.6720599999999994
6	0.26	12.022000000000002	0.17693509618573058	0.19598176877496895	0.10836984126984125	0.12431904761904763	-1.7990799999999993
7	0.25	11.886	0.18116228517946828	0.20052005945378165	0.12346190476190474	0.12134848484848484	-1.847799999999999
8	0.254	11.919999999999998	0.18008779386306678	0.1998711835129831	0.12937222222222222	0.12186363636363637	-1.921179999999999
9	0.22200000000000003	12.286	0.16855842091050047	0.1873848625064138	0.11403571428571428	0.10684848484848483	-2.0746399999999987
10	0.248	11.974	0.17974911882806255	0.2066638496599201	0.1453420634920635	0.122	-1.969259999999999
11	0.23399999999999999	12.175999999999998	0.17037178006037035	0.1907952353743721	0.12363968253968254	0.11584848484848484	-2.029719999999999
12	0.21800000000000003	12.252	0.16504646300590714	0.1788126154118581	0.11236825396825396	0.10734848484848485	-2.0458799999999995
13	0.31	11.459999999999999	0.20999722116884464	0.241937326050561	0.13841825396825397	0.14838181818181817	-1.5303399999999996
14	0.276	11.822	0.1876345826430778	0.20322370698439102	0.10746507936507936	0.13218181818181818	-1.6207999999999998
15	0.276	11.974	0.1807338691452131	0.21212960279529516	0.12321190476190473	0.13388181818181816	-1.6990799999999997
16	0.302	11.738	0.183821979340178	0.22372993489820817	0.11909603174603171	0.1477	-1.6192999999999997
17	0.248	12.1	0.17065586518982445	0.18878273714198937	0.10339444444444443	0.12100000000000002	-1.7497599999999995
18	0.24	12.178	0.16776005047613177	0.18532920983809692	0.1042174603174603	0.11584848484848484	-1.78568
19	0.23399999999999999	12.248000000000001	0.1639341645845495	0.176946257281997	0.09183412698412698	0.11566666666666667	-1.8355399999999993
20	0.268	11.906	0.18351633953773305	0.21519862457720457	0.14030079365079365	0.1305	-1.7789000000000001
21	0.256	11.947999999999999	0.17671521963186984	0.20013301812627024	0.12717936507936506	0.1251818181818182	-1.85012
22	0.274	11.691999999999998	0.19886991753599909	0.2278724050055545	0.14543174603174605	0.1350151515151515	-1.8168399999999998
23	0.21000000000000002	12.358	0.1607084475146726	0.17384227741645844	0.11205714285714286	0.10318181818181818	-2.0324
24	0.23200000000000004	12.148	0.17579269647711088	0.18903274905186318	0.11847619047619047	0.11218181818181819	-1.9469999999999998
25	0.20800000000000002	12.445999999999998	0.15424150629165548	0.16375211260209077	0.09970555555555553	0.10268181818181818	-2.0678600000000005
26	0.26	11.855999999999998	0.19080837120310593	0.2073862620626386	0.12852936507936508	0.12501515151515152	-1.8541600000000003
27	0.268	11.728	0.1944037189017291	0.21349039665730044	0.13034841269841269	0.12895238095238096	-1.8022000000000002
28	0.21400000000000002	12.41	0.15349522102094676	0.17446676274862094	0.10885714285714285	0.10228571428571427	-2.04502
29	0.246	12.059999999999999	0.17442191104738697	0.20101659827977306	0.1414579365079365	0.12066666666666666	-1.9393799999999994
30	0.236	12.165999999999999	0.17049518201783498	0.18766676050579786	0.11106984126984128	0.11347348484848485	-2.0135799999999997
0	0.36	11.46	0.2123658972449317	0.27884059407596573	0.15206746031746027	0.1716666666666667	-1.1650999999999996
1	0.05	14.601999999999999	0.01947629162244674	0.02416207459313144	0.005	0.0235	-2.0583600000000004
2	0.05	14.63	0.018867240446655657	0.023572542427113177	0.005	0.02316666666666667	-2.07576
3	0.052000000000000005	14.632	0.01972237792388844	0.024823029317136713	0.005200000000000001	0.024666666666666667	-2.09368
4	0.05	14.622	0.018440320147666216	0.02359581404435635	0.005	0.023833333333333335	-2.12034
5	0.05	14.642	0.01969757684691248	0.02375250936170408	0.005	0.024	-2.1343400000000003
6	0.06000000000000001	14.622	0.021574365203967744	0.02774697889041708	0.006	0.027250000000000003	-2.1257400000000004
7	0.05	14.622	0.01924600247039295	0.023153665235630276	0.005	0.024	-2.1437999999999997
8	0.054000000000000006	14.63	0.019286766103961923	0.024536875019218436	0.0054	0.025500000000000002	-2.15018
9	0.042	14.752	0.013221671207682976	0.019243232220675567	0.004200000000000001	0.019	-2.1841199999999996
10	0.036000000000000004	14.73	0.01329289227319238	0.01720123825061846	0.0036000000000000003	0.016833333333333332	-2.20296
11	0.036000000000000004	14.73	0.01328791854816771	0.0168839891852036	0.0036000000000000003	0.016833333333333332	-2.20792
12	0.05	14.616	0.017992858463518554	0.024150372987413238	0.005	0.022265151515151516	-2.21682
13	0.05	14.64	0.017006027137046967	0.023482176448416606	0.005	0.023015151515151516	-2.226
14	0.048	14.568000000000001	0.019008560625723182	0.021868314506603613	0.0048000000000000004	0.022181818181818184	-2.2093200000000004
15	0.05	14.562000000000001	0.019456558874167484	0.023726618553559183	0.004999999999999999	0.022848484848484847	-2.2386800000000004
16	0.048	14.559999999999999	0.01939159958255935	0.0219961193360941	0.0048000000000000004	0.022181818181818184	-2.2293399999999997
17	0.05600000000000001	14.542000000000002	0.02145838295408135	0.02508398614044179	0.0056	0.02584848484848485	-2.2175599999999993
18	0.054000000000000006	14.634	0.01892723206439405	0.024290785274565123	0.0054	0.024181818181818183	-2.2499599999999997
19	0.046000000000000006	14.65	0.0164985767206801	0.02245888710498057	0.004600000000000001	0.02134848484848485	-2.2742999999999998
20	0.048	14.64	0.017329539585336055	0.02394698571916646	0.0048000000000000004	0.022348484848484847	-2.28324
1	0.304	11.564	0.19662447992837165	0.2050927639264625	0.10288888888888885	0.1456969696969697	-1.40814
2	0.31	11.452000000000002	0.20355534754573426	0.20631869149361823	0.10888174603174602	0.1484969696969697	-1.31766
3	0.306	11.624	0.19623025477433803	0.21489268125260175	0.10077619047619046	0.149030303030303	-1.37616
4	0.29400000000000004	11.602	0.19643717013654355	0.21192503381869826	0.10894603174603172	0.14550000000000002	-1.4039199999999998
5	0.318	11.392000000000001	0.20684657688499164	0.2225110424386541	0.10199603174603171	0.15269935064935064	-1.3547799999999999
6	0.31000000000000005	11.536	0.19851415043597664	0.21003968171778936	0.09547619047619046	0.15516666666666665	-1.38764
7	0.308	11.608	0.19290606056363566	0.21204321008452545	0.09539920634920633	0.15133333333333335	-1.4282800000000002
8	0.30199999999999994	11.598	0.19828458533573368	0.21201587045595344	0.1022126984126984	0.14721666666666666	-1.4220399999999997
9	0.30199999999999994	11.611999999999998	0.1990452288583195	0.2161378275426787	0.1122190476190476	0.1487857142857143	-1.4600800000000003
10	0.286	11.712	0.18829184768477356	0.19178504555292678	0.09214285714285712	0.1405	-1.4903399999999998
11	0.23200000000000004	12.314000000000002	0.15551165787189494	0.16330405391040423	0.0857674603174603	0.11400000000000002	-1.68432
12	0.25	12.028	0.1774586239165394	0.18561292878241503	0.10082380952380951	0.12483333333333335	-1.6471
13	0.256	11.978	0.17261686112646674	0.18613262267354677	0.10836587301587301	0.12716666666666668	-1.6308800000000006
14	0.29800000000000004	11.51	0.1992115947769208	0.20964519278382193	0.11045952380952377	0.14683333333333334	-1.53368
15	0.256	11.943999999999999	0.1807676020282309	0.18423505751622665	0.10125317460317458	0.12136363636363638	-1.6099599999999998
16	0.284	11.604000000000001	0.19437957784198928	0.20671474126619988	0.10514285714285714	0.13731601731601734	-1.5046199999999998
17	0.312	11.546	0.19455230101473303	0.21686483606216017	0.09703888888888887	0.1499969696969697	-1.3544800000000001
18	0.326	11.475999999999999	0.19865208266473028	0.22571025774802492	0.10295873015873014	0.15375	-1.24438
19	0.36400000000000005	10.989999999999998	0.22553869938415358	0.25117291953608634	0.12346111111111106	0.17403268398268398	-1.09718
20	0.346	11.22	0.22051442162540966	0.2420143471220993	0.10476984126984124	0.1626190476190476	-1.1442600000000003
21	0.324	11.52	0.20328274826126852	0.2288456476621754	0.10852619047619046	0.15364696969696973	-1.2140600000000004
22	0.22599999999999998	12.312	0.15240427956171074	0.16170285272006762	0.0780547619047619	0.1106969696969697	-1.88232
23	0.256	11.992	0.1781433395303921	0.18884643258888278	0.10332142857142856	0.12453030303030303	-1.78732
24	0.258	11.895999999999999	0.18081616252544572	0.1954880921842551	0.09792301587301586	0.12411904761904764	-1.75408
25	0.252	12.092	0.16652670424857335	0.17534693572412016	0.087431746031746	0.12016666666666667	-1.7979800000000001
26	0.256	11.879999999999999	0.17970311665910949	0.18794647487642435	0.09584444444444443	0.12128571428571429	-1.7482999999999997
27	0.236	12.157999999999998	0.17001886153802864	0.1769301010039365	0.09884920634920634	0.11649999999999998	-1.8244399999999998
28	0.26599999999999996	11.84	0.18653871842966793	0.19353648394372275	0.10289285714285715	0.1305	-1.77866
29	0.254	11.966	0.1783809716234342	0.1795406546480915	0.10135476190476189	0.12250000000000001	-1.8133599999999999
30	0.298	11.368	0.20833971338262164	0.2200314070167467	0.11819841269841266	0.14436904761904762	-1.6371399999999998
1	0.29400000000000004	11.791999999999998	0.18447389150250634	0.20618616360150105	0.08484444444444442	0.14311904761904762	-1.3331399999999998
2	0.35	11.218	0.22622611897581452	0.23780715812952452	0.11913015873015871	0.16775	-1.2090200000000002
1	0.324	11.559999999999999	0.19886463098672608	0.22767887535639622	0.11374920634920631	0.15578030303030305	-1.32352
2	0.34	11.370000000000001	0.20907835599123342	0.23349502935179042	0.11591746031746027	0.1610151515151515	-1.35224
3	0.36400000000000005	11.235999999999999	0.21818243436582058	0.26009292141527424	0.12240238095238092	0.17276666666666668	-1.3314400000000002
4	0.34800000000000003	11.256	0.21446156284492907	0.2563407516724837	0.1308468253968254	0.1660333333333333	-1.63598
5	0.31	11.57	0.19677681686371723	0.22214540049793033	0.11817857142857138	0.14781753246753246	-1.77152
6	0.328	11.234	0.2163941094283512	0.24614644896115107	0.14346428571428568	0.15653571428571428	-1.713319999999999
7	0.266	11.919999999999998	0.18745316093232725	0.21148269405683603	0.13164999999999996	0.1281401515151515	-1.9959199999999988
8	0.314	11.546	0.20275625330766878	0.23412580699063032	0.1361269841269841	0.1468719696969697	-1.791659999999999
9	0.336	11.303999999999998	0.21414969642259596	0.24340000823132807	0.127347619047619	0.1610508658008658	-1.6924199999999991
10	0.29600000000000004	11.752	0.1848799856044116	0.21279779642899416	0.10595396825396823	0.14684848484848484	-1.8143799999999992
11	0.328	11.540000000000001	0.1980943342853499	0.2413641973494003	0.11606904761904757	0.1560440476190476	-1.727399999999999
12	0.33999999999999997	11.267999999999999	0.2120880318731732	0.2341238671901058	0.11504444444444442	0.16624999999999998	-1.6437199999999996
13	0.332	11.338	0.21119260685883923	0.23988382465713826	0.10973968253968251	0.15886753246753246	-1.6663999999999994
14	0.32	11.394000000000002	0.2080388367481159	0.23393865927933105	0.1134928571428571	0.1514508658008658	-1.7077199999999997
15	0.33	11.405999999999999	0.20468032534159503	0.24056519616433053	0.13100952380952377	0.15756753246753247	-1.6714399999999998
16	0.328	11.378	0.21044186284025126	0.23870746156478417	0.12852619047619046	0.15663419913419915	-1.6673799999999996
17	0.316	11.540000000000001	0.20431481319273187	0.22807819729137097	0.11732301587301583	0.14746601731601733	-1.734839999999999
18	0.328	11.468	0.20714748627984583	0.2530626286405032	0.1426095238095238	0.15453863636363638	-1.742019999999999
19	0.29400000000000004	11.684	0.19668918203591002	0.21802171207469181	0.12114999999999995	0.1404258658008658	-1.8242999999999996
20	0.264	12.198	0.16858767522004472	0.20593945097081984	0.11599523809523808	0.1264318181818182	-1.9954999999999992
21	0.28200000000000003	11.896	0.18284724320379098	0.21488395917739295	0.12990714285714283	0.1349318181818182	-1.964439999999999
22	0.29	11.638000000000002	0.20014451186757332	0.21879580630190842	0.12821428571428567	0.14031515151515153	-1.9352999999999994
23	0.22000000000000003	12.484	0.1469548796905564	0.17483734905656884	0.11494523809523809	0.10609848484848486	-2.222319999999999
24	0.25	12.184000000000001	0.1680095082804131	0.19917412978838808	0.13585873015873015	0.11926515151515153	-2.141099999999999
25	0.268	11.942	0.18473686032890477	0.21536660798424326	0.14576666666666666	0.12501515151515152	-2.080099999999999
26	0.266	11.978	0.18208730887127483	0.2115315429696542	0.14679761904761904	0.12484848484848485	-2.0956399999999986
27	0.268	11.956	0.17901220658391256	0.2161930334961682	0.1384452380952381	0.12651515151515152	-2.0949799999999987
28	0.274	11.73	0.19078694755600337	0.2154941774419445	0.13335714285714284	0.13368181818181818	-2.0482399999999985
29	0.274	11.73	0.19078694755600337	0.2154941774419445	0.13435714285714284	0.13368181818181818	-2.050419999999998
30	0.276	11.726	0.19155341682039279	0.2162678830564136	0.13375714285714285	0.13468181818181818	-2.050699999999998
1	0.21400000000000002	13.27	0.08474060868180314	0.14760899909331	0.06020000000000001	0.003566846388810574	-1.6249400000000005
2	0.196	13.452000000000002	0.07906303654344829	0.13515995123053298	0.0630904761904762	0.003742599903363847	-1.7068200000000004
3	0.20600000000000002	13.423999999999998	0.07905917540210705	0.14096928848054105	0.06353333333333333	0.003924365541325936	-1.72804
4	0.20600000000000002	13.422	0.08109216008519046	0.14152905963475346	0.06362222222222222	0.003978244056804363	-1.74844
5	0.192	13.428	0.08009099829117859	0.1374317349922604	0.06897777777777778	0.0030084803330704553	-1.7758000000000003
6	0.22200000000000003	13.334	0.0840897126913692	0.1493173585409303	0.06236666666666667	0.0040901268095598995	-1.7008599999999998
7	0.24000000000000005	13.252	0.09072563720095263	0.16997653178769428	0.07186111111111113	0.004326128352297804	-1.68994
8	0.192	13.45	0.07584887483019827	0.1298935882779944	0.060663492063492065	0.004333369776433867	-1.78056
9	0.22400000000000003	13.138	0.09129331890542447	0.15618680809626945	0.06466349206349206	0.004577820757763942	-1.7052
10	0.21799999999999997	13.388	0.08171084487230669	0.14867167209364748	0.06238333333333333	0.0042324284918992235	-1.7549199999999998
11	0.21600000000000003	13.325999999999999	0.08205303164281497	0.14553670902049637	0.06596666666666666	0.0035458068746152143	-1.7498200000000004
12	0.21400000000000002	13.413999999999998	0.08163672200876909	0.14457548740057946	0.06159999999999999	0.0038524323079902724	-1.77742
13	0.188	13.6	0.07309662412673489	0.12732313943651874	0.053149999999999996	0.00354948571775136	-1.8343800000000001
14	0.18	13.581999999999999	0.07089353618151097	0.12409353440432573	0.05382380952380953	0.003114507053948303	-1.8369200000000006
15	0.178	13.662	0.0676534323539945	0.12005097121342992	0.0534888888888889	0.0029001845597514783	-1.8739600000000003
16	0.192	13.562000000000001	0.07394905991980767	0.1359053387420291	0.065	0.0032956866466438057	-1.82584
17	0.2	13.522	0.075768206500527	0.14365890277298618	0.06707380952380954	0.0032383916565530426	-1.8127799999999996
18	0.192	13.524000000000001	0.07070085962235273	0.13473342305877384	0.060338095238095246	0.003040558739698631	-1.81802
19	0.22200000000000003	13.347999999999999	0.0840728759838193	0.15035296193014883	0.06928015873015872	0.0038972233047915366	-1.7666400000000002
20	0.20600000000000002	13.35	0.08147025172156368	0.14236381149398275	0.06241904761904762	0.00350284020644077	-1.7858600000000002
21	0.22199999999999998	13.24	0.08500725937495035	0.1542116971899567	0.06314603174603176	0.003892066553040071	-1.7552800000000002
22	0.20400000000000001	13.48	0.07874502366723155	0.1448984063351862	0.061726190476190476	0.0038526525427018156	-1.82436
23	0.20800000000000002	13.457999999999998	0.07961850024131853	0.1485978882388477	0.0676857142857143	0.0039125316364867985	-1.8213599999999999
24	0.176	13.63	0.06890962549218349	0.12658573237705262	0.06108571428571428	0.002737039053306105	-1.89826
25	0.186	13.556000000000001	0.0718032613334231	0.13177124917422972	0.05978571428571429	0.003035921396038702	-1.8682000000000003
26	0.20400000000000001	13.376000000000001	0.08254614672051741	0.14210577680229916	0.06542460317460318	0.0040210324173438	-1.82484
27	0.21799999999999997	13.45	0.08259121750988777	0.15258304689502683	0.06856349206349206	0.0037150037963556274	-1.8213800000000007
28	0.19	13.456	0.07567710093699652	0.13305929824608786	0.05621587301587302	0.00399093480150134	-1.8523
29	0.2	13.460000000000003	0.07693308873717916	0.13600340879443557	0.05812142857142857	0.004085072745998423	-1.8609000000000004
30	0.2	13.462	0.07696265852183844	0.1399845427679483	0.06256904761904762	0.003941988538956461	-1.86502
0	0.22	13.08	0.09452556937728984	0.1496342820494247	0.062	0.004431012191818257	-1.5397999999999998
1	0.31	12.367999999999999	0.12858017328594465	0.2713167868277523	0.12584126984126984	0.013088589664062959	-1.73688
2	0.31799999999999995	12.366000000000001	0.13377219214583244	0.2765308797719823	0.11816666666666667	0.014038684772898926	-1.6911
3	0.28400000000000003	12.629999999999999	0.11484327548887123	0.24897627185479226	0.10451111111111114	0.012264303738273244	-1.8185999999999996
4	0.28600000000000003	12.724	0.11376805374682601	0.252670939335962	0.11424047619047621	0.011266258069111487	-1.8527
5	0.25	12.88	0.10602169073157999	0.22286411620507302	0.10609285714285713	0.010051953586134149	-2.0104
6	0.21000000000000002	13.396	0.08261425289921491	0.18746046743854738	0.08881666666666668	0.00931446354628603	-2.20048
7	0.17200000000000001	13.697999999999999	0.07174217108042286	0.1559103288048108	0.0784809523809524	0.00652639497341005	-2.3179000000000007
8	0.194	13.379999999999999	0.08205355077398901	0.17508438556406913	0.08432142857142857	0.00739729732625567	-2.2441800000000005
9	0.172	13.524000000000001	0.07301318335884527	0.15618044181067883	0.07336666666666666	0.0066992316560822215	-2.325320000000001
10	0.19	13.472	0.07654727925201378	0.17185792907636266	0.07683809523809525	0.0072589327859961545	-2.305540000000001
0	0.33	12.36	0.12686117677930855	0.28193908830281456	0.10494444444444442	0.016811134220047846	-1.7465000000000002
1	0.14400000000000002	13.873999999999999	0.0566140016814045	0.101955839274085	0.048183333333333335	0.0025148473953181456	-2.0403599999999997
2	0.14800000000000002	13.913999999999998	0.0567324007316685	0.11047125515281897	0.054883333333333326	0.0024086427994159934	-2.06702
3	0.16799999999999998	13.596	0.06734947244865193	0.11940222133370267	0.05793888888888889	0.0023631981591097266	-1.98628
4	0.15200000000000002	13.928	0.055285364418396064	0.10884710734817418	0.04632460317460317	0.0026863216060749443	-2.075580000000001
5	0.13	13.959999999999999	0.05318084759226914	0.09810333161261713	0.04825	0.002702702332262421	-2.12416
6	0.152	13.858	0.056936896831800976	0.10979890881617937	0.050950000000000016	0.0018759426337587592	-2.0687800000000003
7	0.158	13.744	0.06359253698645582	0.10678999394307834	0.0531	0.0022872088812146306	-2.04932
8	0.154	13.798000000000002	0.05986075998219396	0.11110217263052277	0.05116666666666667	0.002606838474943161	-2.0587400000000002
9	0.164	13.654000000000002	0.06767431675430309	0.12178816875759715	0.0619	0.002554855346585964	-2.0438
10	0.168	13.616	0.06502544152196002	0.11713665028583575	0.05610952380952381	0.002909387920491434	-2.0240599999999995
0	0.12	13.87	0.05499606944880719	0.08671452016988379	0.032	0.003020448658486947	-2.0757999999999988
1	0.19	13.422	0.07733250431394617	0.13140436122281812	0.05558571428571428	0.0032587938076754875	-1.68298
2	0.16	13.598000000000003	0.06510646629649862	0.11661875864437618	0.055035714285714285	0.003129914542112658	-2.1675600000000004
3	0.19	13.597999999999999	0.068879750047582	0.13966459297825393	0.05915	0.0030867507851509188	-1.9250999999999998
4	0.21600000000000003	13.264	0.08784554628858865	0.15084020858983313	0.058216666666666674	0.0043898933828391325	-1.7083
5	0.22399999999999998	13.288	0.08309598194802328	0.16071427720694745	0.06720000000000001	0.004146558745605963	-1.6859600000000001
6	0.196	13.398000000000001	0.07405992532844127	0.139848638306117	0.058052380952380946	0.003833815593063992	-1.7284400000000002
7	0.21000000000000002	13.2	0.08699209402260419	0.14750007780586233	0.05084047619047619	0.004294176007085639	-1.7003599999999999
8	0.22399999999999998	13.126	0.08814012971528891	0.16246961749482897	0.06595238095238096	0.0041539304249714444	-1.66908
9	0.23399999999999999	13.097999999999999	0.09197803075986426	0.16830778071081548	0.0681690476190476	0.004228506295215222	-1.63052
10	0.21000000000000002	13.347999999999999	0.08078600131087041	0.14788088031354418	0.061319047619047606	0.005184644982853151	-1.7127000000000003
0	0.15	13.53	0.07229439848914812	0.10042256024794455	0.049	0.0027206513103898767	-1.6928
